0     0
0     1
0     2
0     3
0     4
0    10
0    11
0    16
0    20
0    21
0    22
0    24
0    26
0    30
0    31
0    32
0    35
0    36
0    37
0    38
0    42
0    45
0    46
0    50
0    52
0    53
0    55
0    56
0    57
0    58
0    59
0    61
0    63
0    64
1     1
1     2
1     3
1     4
1     5
1    11
1    12
1    16
1    17
1    21
1    22
1    23
1    25
1    27
1    31
1    33
1    36
1    37
1    38
1    39
1    43
1    46
1    47
1    48
1    51
1    53
1    54
1    56
1    57
1    58
1    59
1    60
1    62
1    65
2     2
2     3
2     4
2     5
2     6
2    12
2    13
2    16
2    17
2    18
2    22
2    23
2    24
2    26
2    28
2    32
2    34
2    37
2    38
2    39
2    40
2    44
2    47
2    49
2    52
2    54
2    55
2    57
2    58
2    59
2    60
2    61
2    63
2    66
3     3
3     4
3     5
3     6
3     7
3    13
3    14
3    17
3    18
3    19
3    23
3    24
3    25
3    27
3    29
3    32
3    33
3    35
3    38
3    39
3    40
3    41
3    45
3    48
3    50
3    53
3    55
3    56
3    58
3    59
3    60
3    61
3    62
3    67
4     4
4     5
4     6
4     7
4     8
4    14
4    15
4    18
4    19
4    20
4    24
4    25
4    26
4    28
4    30
4    33
4    34
4    36
4    39
4    40
4    41
4    42
4    46
4    49
4    51
4    54
4    56
4    57
4    59
4    60
4    61
4    62
4    63
4    68
5     0
5     5
5     6
5     7
5     8
5     9
5    15
5    19
5    20
5    21
5    25
5    26
5    27
5    29
5    31
5    34
5    35
5    37
5    40
5    41
5    42
5    43
5    47
5    48
5    50
5    52
5    55
5    57
5    58
5    60
5    61
5    62
5    63
5    69
6     0
6     1
6     6
6     7
6     8
6     9
6    10
6    16
6    20
6    21
6    22
6    26
6    27
6    28
6    30
6    32
6    35
6    36
6    38
6    41
6    42
6    43
6    44
6    48
6    49
6    51
6    53
6    56
6    58
6    59
6    61
6    62
6    63
6    70
7     1
7     2
7     7
7     8
7     9
7    10
7    11
7    17
7    21
7    22
7    23
7    27
7    28
7    29
7    31
7    33
7    36
7    37
7    39
7    42
7    43
7    44
7    45
7    48
7    49
7    50
7    52
7    54
7    57
7    59
7    60
7    62
7    63
7    71
8     2
8     3
8     8
8     9
8    10
8    11
8    12
8    16
8    18
8    22
8    23
8    24
8    28
8    29
8    30
8    34
8    37
8    38
8    40
8    43
8    44
8    45
8    46
8    48
8    49
8    50
8    51
8    53
8    55
8    58
8    60
8    61
8    63
8    72
9     3
9     4
9     9
9    10
9    11
9    12
9    13
9    17
9    19
9    23
9    24
9    25
9    29
9    30
9    31
9    35
9    38
9    39
9    41
9    44
9    45
9    46
9    47
9    48
9    49
9    50
9    51
9    52
9    54
9    56
9    59
9    61
9    62
9    73
10     4
10     5
10    10
10    11
10    12
10    13
10    14
10    16
10    18
10    20
10    24
10    25
10    26
10    30
10    31
10    32
10    36
10    39
10    40
10    42
10    45
10    46
10    47
10    49
10    50
10    51
10    52
10    53
10    55
10    57
10    60
10    62
10    63
10    74
11     5
11     6
11    11
11    12
11    13
11    14
11    15
11    16
11    17
11    19
11    21
11    25
11    26
11    27
11    31
11    32
11    33
11    37
11    40
11    41
11    43
11    46
11    47
11    48
11    50
11    51
11    52
11    53
11    54
11    56
11    58
11    61
11    63
11    75
12     0
12     6
12     7
12    12
12    13
12    14
12    15
12    16
12    17
12    18
12    20
12    22
12    26
12    27
12    28
12    32
12    33
12    34
12    38
12    41
12    42
12    44
12    47
12    48
12    49
12    51
12    52
12    53
12    54
12    55
12    57
12    59
12    62
12    76
13     0
13     1
13     7
13     8
13    13
13    14
13    15
13    17
13    18
13    19
13    21
13    23
13    27
13    28
13    29
13    32
13    33
13    34
13    35
13    39
13    42
13    43
13    45
13    49
13    50
13    52
13    53
13    54
13    55
13    56
13    58
13    60
13    63
13    77
14     0
14     1
14     2
14     8
14     9
14    14
14    15
14    18
14    19
14    20
14    22
14    24
14    28
14    29
14    30
14    33
14    34
14    35
14    36
14    40
14    43
14    44
14    46
14    48
14    50
14    51
14    53
14    54
14    55
14    56
14    57
14    59
14    61
14    78
15     0
15     1
15     2
15     3
15     9
15    10
15    15
15    19
15    20
15    21
15    23
15    25
15    29
15    30
15    31
15    34
15    35
15    36
15    37
15    41
15    44
15    45
15    47
15    49
15    51
15    52
15    54
15    55
15    56
15    57
15    58
15    60
15    62
15    79
16     1
16     4
16     5
16     8
16     9
16    10
16    13
16    14
16    18
16    24
16    25
16    27
16    29
16    32
16    34
16    36
16    37
16    39
16    40
16    43
16    46
16    48
16    49
16    51
16    54
16    57
16    59
16    60
16    61
16    62
16    63
16    80
17     2
17     5
17     6
17     9
17    10
17    11
17    14
17    15
17    19
17    25
17    26
17    28
17    30
17    33
17    35
17    37
17    38
17    40
17    41
17    44
17    47
17    48
17    49
17    50
17    52
17    55
17    58
17    60
17    61
17    62
17    63
17    81
18     0
18     3
18     6
18     7
18    10
18    11
18    12
18    15
18    20
18    26
18    27
18    29
18    31
18    32
18    34
18    36
18    38
18    39
18    41
18    42
18    45
18    48
18    49
18    50
18    51
18    53
18    56
18    59
18    61
18    62
18    63
18    82
19     0
19     1
19     4
19     7
19     8
19    11
19    12
19    13
19    16
19    21
19    27
19    28
19    30
19    33
19    35
19    37
19    39
19    40
19    42
19    43
19    46
19    48
19    49
19    50
19    51
19    52
19    54
19    57
19    60
19    62
19    63
19    83
20     1
20     2
20     5
20     8
20     9
20    12
20    13
20    14
20    17
20    22
20    28
20    29
20    31
20    34
20    36
20    38
20    40
20    41
20    43
20    44
20    47
20    48
20    49
20    50
20    51
20    52
20    53
20    55
20    58
20    61
20    63
20    84
21     2
21     3
21     6
21     9
21    10
21    13
21    14
21    15
21    16
21    18
21    23
21    29
21    30
21    32
21    35
21    37
21    39
21    41
21    42
21    44
21    45
21    48
21    49
21    50
21    51
21    52
21    53
21    54
21    56
21    59
21    62
21    85
22     0
22     3
22     4
22     7
22    10
22    11
22    14
22    15
22    17
22    19
22    24
22    30
22    31
22    33
22    36
22    38
22    40
22    42
22    43
22    45
22    46
22    49
22    50
22    51
22    52
22    53
22    54
22    55
22    57
22    60
22    63
22    86
23     0
23     1
23     4
23     5
23     8
23    11
23    12
23    15
23    16
23    18
23    20
23    25
23    31
23    34
23    37
23    39
23    41
23    43
23    44
23    46
23    47
23    48
23    50
23    51
23    52
23    53
23    54
23    55
23    56
23    58
23    61
23    87
24     0
24     1
24     2
24     5
24     6
24     9
24    12
24    13
24    16
24    17
24    19
24    21
24    26
24    32
24    35
24    38
24    40
24    42
24    44
24    45
24    47
24    49
24    51
24    52
24    53
24    54
24    55
24    56
24    57
24    59
24    62
24    88
25     1
25     2
25     3
25     6
25     7
25    10
25    13
25    14
25    17
25    18
25    20
25    22
25    27
25    32
25    33
25    36
25    39
25    41
25    43
25    45
25    46
25    50
25    52
25    53
25    54
25    55
25    56
25    57
25    58
25    60
25    63
25    89
26     2
26     3
26     4
26     7
26     8
26    11
26    14
26    15
26    18
26    19
26    21
26    23
26    28
26    33
26    34
26    37
26    40
26    42
26    44
26    46
26    47
26    48
26    51
26    53
26    54
26    55
26    56
26    57
26    58
26    59
26    61
26    90
27     0
27     3
27     4
27     5
27     8
27     9
27    12
27    15
27    19
27    20
27    22
27    24
27    29
27    32
27    34
27    35
27    38
27    41
27    43
27    45
27    47
27    49
27    52
27    54
27    55
27    56
27    57
27    58
27    59
27    60
27    62
27    91
28     0
28     1
28     4
28     5
28     6
28     9
28    10
28    13
28    20
28    21
28    23
28    25
28    30
28    32
28    33
28    35
28    36
28    39
28    42
28    44
28    46
28    50
28    53
28    55
28    56
28    57
28    58
28    59
28    60
28    61
28    63
28    92
29     1
29     2
29     5
29     6
29     7
29    10
29    11
29    14
29    21
29    22
29    24
29    26
29    31
29    33
29    34
29    36
29    37
29    40
29    43
29    45
29    47
29    48
29    51
29    54
29    56
29    57
29    58
29    59
29    60
29    61
29    62
29    93
30     2
30     3
30     6
30     7
30     8
30    11
30    12
30    15
30    16
30    22
30    23
30    25
30    27
30    32
30    34
30    35
30    37
30    38
30    41
30    44
30    46
30    49
30    52
30    55
30    57
30    58
30    59
30    60
30    61
30    62
30    63
30    94
31     0
31     3
31     4
31     7
31     8
31     9
31    12
31    13
31    17
31    23
31    24
31    26
31    28
31    33
31    35
31    36
31    38
31    39
31    42
31    45
31    47
31    48
31    50
31    53
31    56
31    58
31    59
31    60
31    61
31    62
31    63
31    95
32     1
32     4
32     7
32    12
32    13
32    15
32    18
32    19
32    22
32    23
32    28
32    31
32    34
32    36
32    38
32    39
32    43
32    45
32    47
32    50
32    55
32    57
32    58
32    61
32    63
32    96
33     0
33     2
33     5
33     8
33    13
33    14
33    16
33    19
33    20
33    23
33    24
33    29
33    32
33    35
33    37
33    39
33    40
33    44
33    46
33    48
33    51
33    56
33    58
33    59
33    62
33    97
34     1
34     3
34     6
34     9
34    14
34    15
34    17
34    20
34    21
34    24
34    25
34    30
34    33
34    36
34    38
34    40
34    41
34    45
34    47
34    49
34    52
34    57
34    59
34    60
34    63
34    98
35     0
35     2
35     4
35     7
35    10
35    15
35    18
35    21
35    22
35    25
35    26
35    31
35    32
35    34
35    37
35    39
35    41
35    42
35    46
35    48
35    50
35    53
35    58
35    60
35    61
35    99
36     0
36     1
36     3
36     5
36     8
36    11
36    16
36    19
36    22
36    23
36    26
36    27
36    33
36    35
36    38
36    40
36    42
36    43
36    47
36    49
36    51
36    54
36    59
36    61
36    62
36   100
37     1
37     2
37     4
37     6
37     9
37    12
37    17
37    20
37    23
37    24
37    27
37    28
37    32
37    34
37    36
37    39
37    41
37    43
37    44
37    50
37    52
37    55
37    60
37    62
37    63
37   101
38     2
38     3
38     5
38     7
38    10
38    13
38    18
38    21
38    24
38    25
38    28
38    29
38    33
38    35
38    37
38    40
38    42
38    44
38    45
38    48
38    51
38    53
38    56
38    61
38    63
38   102
39     3
39     4
39     6
39     8
39    11
39    14
39    19
39    22
39    25
39    26
39    29
39    30
39    34
39    36
39    38
39    41
39    43
39    45
39    46
39    48
39    49
39    52
39    54
39    57
39    62
39   103
40     4
40     5
40     7
40     9
40    12
40    15
40    20
40    23
40    26
40    27
40    30
40    31
40    35
40    37
40    39
40    42
40    44
40    46
40    47
40    49
40    50
40    53
40    55
40    58
40    63
40   104
41     0
41     5
41     6
41     8
41    10
41    13
41    16
41    21
41    24
41    27
41    28
41    31
41    32
41    36
41    38
41    40
41    43
41    45
41    47
41    48
41    50
41    51
41    54
41    56
41    59
41   105
42     1
42     6
42     7
42     9
42    11
42    14
42    16
42    17
42    22
42    25
42    28
42    29
42    32
42    33
42    37
42    39
42    41
42    44
42    46
42    49
42    51
42    52
42    55
42    57
42    60
42   106
43     2
43     7
43     8
43    10
43    12
43    15
43    17
43    18
43    23
43    26
43    29
43    30
43    33
43    34
43    38
43    40
43    42
43    45
43    47
43    50
43    52
43    53
43    56
43    58
43    61
43   107
44     0
44     3
44     8
44     9
44    11
44    13
44    18
44    19
44    24
44    27
44    30
44    31
44    32
44    34
44    35
44    39
44    41
44    43
44    46
44    51
44    53
44    54
44    57
44    59
44    62
44   108
45     1
45     4
45     9
45    10
45    12
45    14
45    16
45    19
45    20
45    25
45    28
45    31
45    33
45    35
45    36
45    40
45    42
45    44
45    47
45    52
45    54
45    55
45    58
45    60
45    63
45   109
46     2
46     5
46    10
46    11
46    13
46    15
46    16
46    17
46    20
46    21
46    26
46    29
46    32
46    34
46    36
46    37
46    41
46    43
46    45
46    48
46    53
46    55
46    56
46    59
46    61
46   110
47     0
47     3
47     6
47    11
47    12
47    14
47    17
47    18
47    21
47    22
47    27
47    30
47    33
47    35
47    37
47    38
47    42
47    44
47    46
47    49
47    54
47    56
47    57
47    60
47    62
47   111
48     2
48     4
48     7
48     8
48    10
48    12
48    14
48    15
48    17
48    18
48    21
48    26
48    35
48    36
48    38
48    39
48    40
48    41
48    42
48    44
48    51
48    54
48    55
48    56
48    58
48    60
48    63
48   112
49     0
49     3
49     5
49     8
49     9
49    11
49    13
49    15
49    18
49    19
49    22
49    27
49    36
49    37
49    39
49    40
49    41
49    42
49    43
49    45
49    48
49    52
49    55
49    56
49    57
49    59
49    61
49   113
50     0
50     1
50     4
50     6
50     9
50    10
50    12
50    14
50    19
50    20
50    23
50    28
50    37
50    38
50    40
50    41
50    42
50    43
50    44
50    46
50    49
50    53
50    56
50    57
50    58
50    60
50    62
50   114
51     1
51     2
51     5
51     7
51    10
51    11
51    13
51    15
51    20
51    21
51    24
51    29
51    38
51    39
51    41
51    42
51    43
51    44
51    45
51    47
51    50
51    54
51    57
51    58
51    59
51    61
51    63
51   115
52     0
52     2
52     3
52     6
52     8
52    11
52    12
52    14
52    21
52    22
52    25
52    30
52    32
52    39
52    40
52    42
52    43
52    44
52    45
52    46
52    48
52    51
52    55
52    58
52    59
52    60
52    62
52   116
53     1
53     3
53     4
53     7
53     9
53    12
53    13
53    15
53    22
53    23
53    26
53    31
53    33
53    40
53    41
53    43
53    44
53    45
53    46
53    47
53    49
53    52
53    56
53    59
53    60
53    61
53    63
53   117
54     0
54     2
54     4
54     5
54     8
54    10
54    13
54    14
54    16
54    23
54    24
54    27
54    32
54    34
54    41
54    42
54    44
54    45
54    46
54    47
54    48
54    50
54    53
54    57
54    60
54    61
54    62
54   118
55     1
55     3
55     5
55     6
55     9
55    11
55    14
55    15
55    17
55    24
55    25
55    28
55    32
55    33
55    35
55    42
55    43
55    45
55    46
55    47
55    49
55    51
55    54
55    58
55    61
55    62
55    63
55   119
56     0
56     2
56     4
56     6
56     7
56    10
56    12
56    15
56    18
56    25
56    26
56    29
56    32
56    33
56    34
56    36
56    43
56    44
56    46
56    47
56    48
56    50
56    52
56    55
56    59
56    62
56    63
56   120
57     0
57     1
57     3
57     5
57     7
57     8
57    11
57    13
57    19
57    26
57    27
57    30
57    32
57    33
57    34
57    35
57    37
57    44
57    45
57    47
57    48
57    49
57    51
57    53
57    56
57    60
57    63
57   121
58     1
58     2
58     4
58     6
58     8
58     9
58    12
58    14
58    20
58    27
58    28
58    31
58    32
58    33
58    34
58    35
58    36
58    38
58    45
58    46
58    48
58    49
58    50
58    52
58    54
58    57
58    61
58   122
59     2
59     3
59     5
59     7
59     9
59    10
59    13
59    15
59    16
59    21
59    28
59    29
59    33
59    34
59    35
59    36
59    37
59    39
59    46
59    47
59    49
59    50
59    51
59    53
59    55
59    58
59    62
59   123
60     0
60     3
60     4
60     6
60     8
60    10
60    11
60    14
60    17
60    22
60    29
60    30
60    32
60    34
60    35
60    36
60    37
60    38
60    40
60    47
60    50
60    51
60    52
60    54
60    56
60    59
60    63
60   124
61     1
61     4
61     5
61     7
61     9
61    11
61    12
61    15
61    18
61    23
61    30
61    31
61    32
61    33
61    35
61    36
61    37
61    38
61    39
61    41
61    48
61    51
61    52
61    53
61    55
61    57
61    60
61   125
62     0
62     2
62     5
62     6
62     8
62    10
62    12
62    13
62    16
62    19
62    24
62    31
62    33
62    34
62    36
62    37
62    38
62    39
62    40
62    42
62    49
62    52
62    53
62    54
62    56
62    58
62    61
62   126
63     1
63     3
63     6
63     7
63     9
63    11
63    13
63    14
63    16
63    17
63    20
63    25
63    34
63    35
63    37
63    38
63    39
63    40
63    41
63    43
63    50
63    53
63    54
63    55
63    57
63    59
63    62
63   127