0   0
0   7
0   18
0   46
0   54
0   80
0   109
0   112
1   1
1   8
1   19
1   47
1   55
1   81
1   110
1   113
2   2
2   9
2   20
2   32
2   56
2   82
2   111
2   114
3   3
3   10
3   21
3   33
3   57
3   83
3   96
3   115
4   4
4   11
4   22
4   34
4   58
4   84
4   97
4   116
5   5
5   12
5   23
5   35
5   59
5   85
5   98
5   117
6   6
6   13
6   24
6   36
6   60
6   86
6   99
6   118
7   7
7   14
7   25
7   37
7   61
7   87
7   100
7   119
8   8
8   15
8   26
8   38
8   62
8   88
8   101
8   120
9   0
9   9
9   27
9   39
9   63
9   89
9   102
9   121
10   1
10   10
10   28
10   40
10   48
10   90
10   103
10   122
11   2
11   11
11   29
11   41
11   49
11   91
11   104
11   123
12   3
12   12
12   30
12   42
12   50
12   92
12   105
12   124
13   4
13   13
13   31
13   43
13   51
13   93
13   106
13   125
14   5
14   14
14   16
14   44
14   52
14   94
14   107
14   126
15   6
15   15
15   17
15   45
15   53
15   95
15   108
15   127
16   6
16   16
16   31
16   32
16   49
16   64
16   96
16   119
17   7
17   16
17   17
17   33
17   50
17   65
17   97
17   120
18   8
18   17
18   18
18   34
18   51
18   66
18   98
18   121
19   9
19   18
19   19
19   35
19   52
19   67
19   99
19   122
20   10
20   19
20   20
20   36
20   53
20   68
20   100
20   123
21   11
21   20
21   21
21   37
21   54
21   69
21   101
21   124
22   12
22   21
22   22
22   38
22   55
22   70
22   102
22   125
23   13
23   22
23   23
23   39
23   56
23   71
23   103
23   126
24   14
24   23
24   24
24   40
24   57
24   72
24   104
24   127
25   15
25   24
25   25
25   41
25   58
25   73
25   105
25   112
26   0
26   25
26   26
26   42
26   59
26   74
26   106
26   113
27   1
27   26
27   27
27   43
27   60
27   75
27   107
27   114
28   2
28   27
28   28
28   44
28   61
28   76
28   108
28   115
29   3
29   28
29   29
29   45
29   62
29   77
29   109
29   116
30   4
30   29
30   30
30   46
30   63
30   78
30   110
30   117
31   5
31   30
31   31
31   47
31   48
31   79
31   111
31   118
32   4
32   17
32   32
32   47
32   62
32   75
32   80
32   115
33   5
33   18
33   32
33   33
33   63
33   76
33   81
33   116
34   6
34   19
34   33
34   34
34   48
34   77
34   82
34   117
35   7
35   20
35   34
35   35
35   49
35   78
35   83
35   118
36   8
36   21
36   35
36   36
36   50
36   79
36   84
36   119
37   9
37   22
37   36
37   37
37   51
37   64
37   85
37   120
38   10
38   23
38   37
38   38
38   52
38   65
38   86
38   121
39   11
39   24
39   38
39   39
39   53
39   66
39   87
39   122
40   12
40   25
40   39
40   40
40   54
40   67
40   88
40   123
41   13
41   26
41   40
41   41
41   55
41   68
41   89
41   124
42   14
42   27
42   41
42   42
42   56
42   69
42   90
42   125
43   15
43   28
43   42
43   43
43   57
43   70
43   91
43   126
44   0
44   29
44   43
44   44
44   58
44   71
44   92
44   127
45   1
45   30
45   44
45   45
45   59
45   72
45   93
45   112
46   2
46   31
46   45
46   46
46   60
46   73
46   94
46   113
47   3
47   16
47   46
47   47
47   61
47   74
47   95
47   114
48   0
48   17
48   41
48   48
48   61
48   78
48   81
48   96
49   1
49   18
49   42
49   49
49   62
49   79
49   82
49   97
50   2
50   19
50   43
50   50
50   63
50   64
50   83
50   98
51   3
51   20
51   44
51   48
51   51
51   65
51   84
51   99
52   4
52   21
52   45
52   49
52   52
52   66
52   85
52   100
53   5
53   22
53   46
53   50
53   53
53   67
53   86
53   101
54   6
54   23
54   47
54   51
54   54
54   68
54   87
54   102
55   7
55   24
55   32
55   52
55   55
55   69
55   88
55   103
56   8
56   25
56   33
56   53
56   56
56   70
56   89
56   104
57   9
57   26
57   34
57   54
57   57
57   71
57   90
57   105
58   10
58   27
58   35
58   55
58   58
58   72
58   91
58   106
59   11
59   28
59   36
59   56
59   59
59   73
59   92
59   107
60   12
60   29
60   37
60   57
60   60
60   74
60   93
60   108
61   13
61   30
61   38
61   58
61   61
61   75
61   94
61   109
62   14
62   31
62   39
62   59
62   62
62   76
62   95
62   110
63   15
63   16
63   40
63   60
63   63
63   77
63   80
63   111
