0   7
0   19
0   35
0   55
0   79
0   80
1   5
1   18
1   46
1   51
1   66
1   94
2   9
2   24
2   43
2   59
2   70
2   93
3   8
3   27
3   39
3   49
3   76
3   90
4   1
4   17
4   44
4   58
4   68
4   87
5   14
5   28
5   33
5   63
5   75
5   84
6   11
6   20
6   37
6   62
6   64
6   86
7   12
7   26
7   32
7   52
7   78
7   82
8   6
8   29
8   34
8   50
8   74
8   83
9   0
9   21
9   47
9   48
9   67
9   95
10   10
10   31
10   42
10   54
10   65
10   85
11   3
11   25
11   45
11   53
11   69
11   92
12   15
12   30
12   38
12   60
12   73
12   91
13   13
13   16
13   36
13   61
13   71
13   88
14   4
14   22
14   41
14   56
14   77
14   81
15   2
15   23
15   40
15   57
15   72
15   89
16   5
16   30
16   43
16   62
16   75
16   88
17   2
17   26
17   38
17   48
17   65
17   83
18   4
18   27
18   34
18   55
18   70
18   95
19   12
19   25
19   35
19   54
19   73
19   87
20   11
20   21
20   41
20   60
20   76
20   82
21   3
21   24
21   37
21   63
21   74
21   81
22   13
22   17
22   42
22   49
22   79
22   91
23   6
23   28
23   32
23   61
23   68
23   94
24   15
24   20
24   33
24   59
24   69
24   80
25   9
25   23
25   39
25   58
25   78
25   92
26   8
26   29
26   36
26   51
26   64
26   84
27   14
27   19
27   44
27   53
27   67
27   89
28   7
28   31
28   40
28   50
28   77
28   93
29   0
29   22
29   46
29   52
29   72
29   85
30   10
30   18
30   47
30   56
30   71
30   86
31   1
31   16
31   45
31   57
31   66
31   90
32   7
32   21
32   45
32   58
32   65
32   91
33   5
33   19
33   32
33   60
33   72
33   95
34   9
34   22
34   38
34   55
34   66
34   86
35   8
35   18
35   33
35   48
35   74
35   87
36   14
36   17
36   47
36   54
36   69
36   90
37   3
37   26
37   40
37   51
37   73
37   88
38   2
38   29
38   37
38   56
38   70
38   94
39   0
39   28
39   39
39   50
39   64
39   81
40   15
40   25
40   46
40   57
40   68
40   82
41   6
41   30
41   36
41   52
41   76
41   80
42   10
42   16
42   34
42   53
42   78
42   84
43   11
43   31
43   44
43   49
43   71
43   92
44   1
44   27
44   42
44   59
44   75
44   89
45   13
45   24
45   35
45   62
45   77
45   85
46   4
46   20
46   43
46   63
46   67
46   83
47   12
47   23
47   41
47   61
47   79
47   93
