     0     0
     0     1
     0     4
     0     8
     0    13
     0    16
     0    17
     0    22
     0    27
     0    34
     0    36
     0    39
     0    42
     0    45
     0    46
     0    48
     1     2
     1     3
     1     8
     1     9
     1    12
     1    13
     1    16
     1    23
     1    24
     1    25
     1    26
     1    31
     1    34
     1    35
     1    38
     1    40
     1    42
     1    43
     1    49
     2     1
     2     6
     2     7
     2    13
     2    14
     2    16
     2    17
     2    19
     2    28
     2    32
     2    33
     2    41
     2    42
     2    44
     2    45
     2    50
     3     0
     3     2
     3     3
     3     4
     3     5
     3     8
     3     9
     3    11
     3    12
     3    15
     3    20
     3    21
     3    22
     3    23
     3    24
     3    25
     3    26
     3    27
     3    30
     3    32
     3    33
     3    35
     3    37
     3    38
     3    39
     3    41
     3    43
     3    44
     3    45
     3    51
     4     1
     4     4
     4     8
     4    13
     4    16
     4    17
     4    22
     4    26
     4    27
     4    34
     4    35
     4    36
     4    37
     4    41
     4    42
     4    45
     4    46
     4    52
     5     2
     5     3
     5     6
     5     9
     5    14
     5    23
     5    24
     5    28
     5    29
     5    34
     5    36
     5    37
     5    39
     5    41
     5    42
     5    45
     5    47
     5    53
     6     0
     6     4
     6     5
     6     8
     6    10
     6    11
     6    12
     6    15
     6    18
     6    20
     6    21
     6    22
     6    26
     6    27
     6    30
     6    32
     6    33
     6    34
     6    36
     6    37
     6    39
     6    40
     6    41
     6    42
     6    43
     6    44
     6    47
     6    54
     7     1
     7     2
     7     3
     7     6
     7     8
     7     9
     7    12
     7    13
     7    14
     7    16
     7    17
     7    19
     7    23
     7    24
     7    25
     7    26
     7    27
     7    28
     7    29
     7    33
     7    35
     7    39
     7    40
     7    41
     7    42
     7    55
     8     0
     8     2
     8     3
     8     5
     8     9
     8    11
     8    12
     8    15
     8    18
     8    20
     8    21
     8    22
     8    23
     8    24
     8    25
     8    26
     8    30
     8    32
     8    33
     8    35
     8    39
     8    41
     8    43
     8    45
     8    46
     8    56
     9     1
     9     2
     9    13
     9    16
     9    17
     9    31
     9    36
     9    38
     9    40
     9    42
     9    44
     9    45
     9    57
    10     2
    10    13
    10    16
    10    17
    10    23
    10    31
    10    32
    10    36
    10    38
    10    42
    10    45
    10    47
    10    58
    11     0
    11     1
    11     3
    11     4
    11     8
    11    11
    11    12
    11    13
    11    16
    11    17
    11    20
    11    21
    11    22
    11    24
    11    25
    11    26
    11    27
    11    32
    11    34
    11    35
    11    36
    11    39
    11    40
    11    42
    11    43
    11    44
    11    47
    11    59
    12    11
    12    15
    12    20
    12    33
    12    40
    12    43
    12    46
    12    60
    13     2
    13     3
    13     6
    13     9
    13    12
    13    16
    13    23
    13    24
    13    25
    13    26
    13    29
    13    31
    13    34
    13    40
    13    41
    13    42
    13    45
    13    47
    13    61
    14    15
    14    20
    14    30
    14    40
    14    41
    14    45
    14    46
    14    62
    15     1
    15     2
    15     6
    15     9
    15    13
    15    16
    15    17
    15    23
    15    24
    15    28
    15    29
    15    34
    15    36
    15    39
    15    41
    15    42
    15    44
    15    46
    15    47
    15    63
    16     0
    16     2
    16     3
    16     4
    16     8
    16     9
    16    11
    16    12
    16    21
    16    22
    16    23
    16    24
    16    25
    16    26
    16    27
    16    32
    16    35
    16    38
    16    40
    16    43
    16    44
    16    45
    16    46
    16    64
    17     0
    17     1
    17     4
    17     5
    17     8
    17    10
    17    11
    17    13
    17    15
    17    16
    17    17
    17    18
    17    20
    17    21
    17    22
    17    27
    17    30
    17    33
    17    34
    17    36
    17    39
    17    40
    17    41
    17    43
    17    45
    17    65
    18     0
    18     2
    18     3
    18     4
    18     5
    18     8
    18     9
    18    11
    18    12
    18    15
    18    20
    18    21
    18    22
    18    23
    18    24
    18    25
    18    26
    18    27
    18    30
    18    31
    18    32
    18    33
    18    34
    18    35
    18    38
    18    39
    18    41
    18    43
    18    44
    18    45
    18    66
    19     0
    19     1
    19     2
    19     3
    19     4
    19     6
    19     8
    19     9
    19    12
    19    13
    19    14
    19    16
    19    17
    19    22
    19    23
    19    24
    19    25
    19    26
    19    27
    19    28
    19    29
    19    35
    19    40
    19    41
    19    42
    19    67
    20     1
    20     2
    20     3
    20     6
    20     9
    20    12
    20    23
    20    24
    20    25
    20    26
    20    29
    20    31
    20    34
    20    41
    20    44
    20    45
    20    68
    21     0
    21     4
    21     8
    21    11
    21    12
    21    20
    21    21
    21    22
    21    25
    21    26
    21    27
    21    32
    21    34
    21    35
    21    36
    21    37
    21    39
    21    40
    21    43
    21    44
    21    47
    21    69
    22     1
    22     2
    22     8
    22     9
    22    13
    22    16
    22    17
    22    23
    22    27
    22    34
    22    35
    22    36
    22    42
    22    45
    22    47
    22    70
    23     0
    23     4
    23     5
    23     8
    23    11
    23    15
    23    16
    23    18
    23    20
    23    21
    23    22
    23    27
    23    30
    23    31
    23    32
    23    33
    23    34
    23    39
    23    40
    23    41
    23    42
    23    44
    23    71
    24     1
    24     2
    24     4
    24     8
    24    13
    24    16
    24    17
    24    22
    24    27
    24    33
    24    34
    24    35
    24    36
    24    38
    24    42
    24    45
    24    46
    24    72
    25     0
    25     1
    25     4
    25     8
    25    11
    25    12
    25    13
    25    15
    25    16
    25    17
    25    20
    25    21
    25    22
    25    26
    25    27
    25    32
    25    34
    25    35
    25    36
    25    39
    25    40
    25    42
    25    43
    25    45
    25    47
    25    73
    26     1
    26     2
    26     9
    26    13
    26    16
    26    17
    26    23
    26    24
    26    29
    26    34
    26    35
    26    36
    26    42
    26    44
    26    47
    26    74
    27     0
    27     2
    27     3
    27     4
    27     6
    27     8
    27     9
    27    11
    27    12
    27    15
    27    20
    27    21
    27    22
    27    23
    27    24
    27    25
    27    26
    27    27
    27    28
    27    29
    27    30
    27    32
    27    35
    27    43
    27    45
    27    75
    28     0
    28     2
    28     3
    28     4
    28     9
    28    12
    28    21
    28    22
    28    23
    28    24
    28    25
    28    26
    28    27
    28    32
    28    38
    28    39
    28    40
    28    41
    28    44
    28    45
    28    46
    28    76
    29     1
    29     4
    29     6
    29     7
    29     8
    29    13
    29    14
    29    16
    29    17
    29    19
    29    27
    29    28
    29    29
    29    32
    29    33
    29    35
    29    38
    29    39
    29    41
    29    42
    29    46
    29    77
    30     2
    30    23
    30    26
    30    37
    30    38
    30    42
    30    47
    30    78
    31     1
    31     2
    31     3
    31     6
    31     9
    31    12
    31    14
    31    17
    31    19
    31    23
    31    24
    31    25
    31    26
    31    28
    31    29
    31    31
    31    33
    31    34
    31    39
    31    40
    31    41
    31    44
    31    45
    31    47
    31    79
    32     0
    32     1
    32     2
    32     3
    32     4
    32     6
    32     8
    32     9
    32    11
    32    12
    32    13
    32    14
    32    16
    32    17
    32    19
    32    20
    32    21
    32    22
    32    23
    32    24
    32    25
    32    26
    32    27
    32    28
    32    29
    32    32
    32    33
    32    35
    32    40
    32    42
    32    43
    32    80
    33     1
    33     2
    33     4
    33     8
    33     9
    33    13
    33    16
    33    17
    33    23
    33    24
    33    27
    33    34
    33    35
    33    36
    33    38
    33    39
    33    42
    33    46
    33    47
    33    81
    34     0
    34     1
    34     4
    34     8
    34    13
    34    16
    34    17
    34    21
    34    22
    34    26
    34    27
    34    32
    34    34
    34    35
    34    36
    34    37
    34    39
    34    40
    34    42
    34    45
    34    46
    34    82
    35     1
    35     2
    35     3
    35     9
    35    12
    35    13
    35    16
    35    17
    35    23
    35    24
    35    25
    35    26
    35    29
    35    34
    35    36
    35    40
    35    42
    35    44
    35    46
    35    83
    36     6
    36    28
    36    29
    36    38
    36    39
    36    41
    36    42
    36    84
    37     0
    37     5
    37    10
    37    11
    37    15
    37    18
    37    20
    37    21
    37    30
    37    32
    37    33
    37    35
    37    39
    37    40
    37    41
    37    42
    37    43
    37    45
    37    46
    37    85
    38     2
    38     3
    38     5
    38     9
    38    12
    38    15
    38    18
    38    20
    38    23
    38    24
    38    25
    38    26
    38    30
    38    33
    38    35
    38    38
    38    41
    38    45
    38    46
    38    86
    39    12
    39    13
    39    16
    39    17
    39    26
    39    31
    39    35
    39    36
    39    37
    39    42
    39    45
    39    47
    39    87
    40     0
    40     4
    40     8
    40    11
    40    15
    40    16
    40    20
    40    21
    40    22
    40    27
    40    30
    40    31
    40    32
    40    34
    40    35
    40    37
    40    39
    40    40
    40    41
    40    42
    40    43
    40    44
    40    88
    41     3
    41     6
    41     9
    41    12
    41    14
    41    23
    41    24
    41    25
    41    26
    41    28
    41    29
    41    34
    41    36
    41    38
    41    39
    41    40
    41    41
    41    44
    41    45
    41    89
    42     1
    42     2
    42     3
    42     8
    42     9
    42    12
    42    13
    42    16
    42    17
    42    23
    42    24
    42    25
    42    26
    42    31
    42    34
    42    35
    42    38
    42    40
    42    42
    42    44
    42    90
    43     0
    43     4
    43     8
    43    11
    43    13
    43    15
    43    16
    43    20
    43    21
    43    22
    43    27
    43    31
    43    34
    43    35
    43    39
    43    40
    43    42
    43    43
    43    44
    43    45
    43    91
    44     2
    44    12
    44    23
    44    25
    44    26
    44    37
    44    38
    44    40
    44    43
    44    92
    45     2
    45     6
    45     7
    45     9
    45    14
    45    19
    45    23
    45    28
    45    29
    45    32
    45    33
    45    34
    45    36
    45    39
    45    41
    45    93
    46     0
    46     2
    46     3
    46     4
    46     5
    46     6
    46     8
    46     9
    46    11
    46    12
    46    15
    46    20
    46    21
    46    22
    46    23
    46    24
    46    25
    46    26
    46    27
    46    29
    46    30
    46    32
    46    33
    46    35
    46    38
    46    39
    46    43
    46    44
    46    45
    46    94
    47     0
    47     2
    47     3
    47     4
    47     9
    47    12
    47    22
    47    23
    47    24
    47    25
    47    26
    47    33
    47    38
    47    39
    47    40
    47    45
    47    46
    47    95