0     3
0     9
0    13
0    19
0    27
0    29
0    31
1    10
1    18
1    24
1    28
1    29
2     0
2     2
2    12
2    20
2    22
2    23
2    26
3     5
3     9
3    12
3    17
3    19
3    20
3    28
3    30
4     2
4     4
4    14
4    21
4    25
4    30
5     3
5     7
5    14
5    21
5    22
5    24
5    31
6     1
6     6
6    11
6    19
6    24
7     4
7     5
7     9
7    11
7    16
7    22
7    25
7    29
8     0
8     4
8    13
8    15
8    27
9     5
9     6
9     8
9    23
9    26
9    27
10     3
10     6
10    10
10    15
10    20
10    30
11    14
11    17
11    18
11    23
12     7
12    15
12    16
12    25
12    26
12    28
13     1
13     2
13     7
13     8
13    11
13    13
13    18
14     1
14    12
14    16
14    21
15     0
15     8
15    10
15    17
15    31
