0    24
0    25
0    29
0    38
0    92
0   113
1     2
1     3
1    12
1    31
1    38
1    50
1    65
1    86
1    94
2    15
2    27
2    53
2    61
2    73
2    97
3     1
3    20
3    29
3    31
3    37
3    58
3    62
3    69
4    23
4    41
4    73
4    78
4   122
5     2
5     9
5    22
5    91
5   108
5   109
6    17
6    20
6    32
6    61
6    90
6    99
6   108
6   117
7     0
7    17
7    27
7    41
7    46
7    56
7    74
8    21
8    63
8    80
8    86
8   100
8   124
9    12
9    16
9    58
9   103
9   116
10    52
10    55
10   102
10   116
11    24
11    72
11    89
11   104
11   112
11   114
11   120
11   122
12     7
12    76
12    95
12   110
12   112
12   113
12   123
13     3
13    22
13    54
13    58
13    92
13   102
13   104
14    16
14    39
14    56
14   101
15     3
15    56
15    59
15    84
15    99
15   106
16    10
16    28
16    29
16    57
16    88
16   119
17    30
17    97
17   108
17   114
18    15
18    19
18    35
18    54
18   123
19    49
19    83
19    92
19   114
20     8
20    11
20    27
20    78
20    98
20   100
20   107
21    10
21    47
21    52
21    70
21   111
22    25
22    67
22    85
22   101
22   117
22   124
23    44
23    69
23    71
23    80
23    94
23   119
24    42
24    43
24    44
24    51
24    57
24    62
24    75
25    17
25    40
25    48
25    60
25    65
25    83
25    96
26     0
26    22
26    34
26    57
26    70
26    84
26   121
27    33
27    36
27    38
27    76
27   127
28     6
28    28
28    47
28    83
29    37
29   109
29   115
29   117
29   120
29   121
30     9
30    33
30    68
30    74
30    81
30   125
31    14
31    23
31    59
31    77
31    97
31   119
31   124
32     4
32    18
32    55
32    65
32    71
32    77
33    37
33    49
33    80
33    81
33    88
33    90
33   118
34    21
34    25
34    42
34    46
34   102
35     5
35     8
35    16
35    33
35   104
36     1
36    51
36    54
36    77
36    88
36   115
36   122
37    23
37    52
37    63
37    74
37    95
38    18
38    34
38    39
38    79
38    91
38    99
38   116
38   118
39     6
39    61
39    66
39    69
39    72
40    11
40    20
40    26
40    35
40    60
40    86
40   113
41     1
41    32
41    70
41    75
41    85
41    98
42     8
42    31
42    67
42   106
42   125
43     5
43    35
43    45
43    50
43    85
43   103
43   110
44    30
44    32
44    40
44    46
44    78
45    45
45    48
45    82
45    84
45    93
45    98
46     7
46    10
46    36
46    44
46    50
46    89
47    48
47    64
47    87
47   105
47   111
47   118
48    11
48    12
48    15
48    36
48    55
48    66
48   105
49     5
49    13
49    24
49    51
49    67
49    90
49    96
50     0
50     6
50    13
50    14
50    68
51     9
51    19
51    39
51    64
51    72
51   110
52    13
52    59
52    62
52    93
53    30
53    63
53    76
53   125
53   126
54     7
54    18
54    43
54    64
54    68
54   115
54   127
55    19
55    28
55    73
55    91
55    95
55    96
55   105
56     2
56    34
56    82
56   106
56   120
57    41
57    45
57    53
57    75
57    81
57   107
58    47
58    66
58    79
58    87
59     4
59    26
59   100
59   101
59   112
60     4
60    21
60    93
60   121
60   123
61    60
61    71
61    87
61    89
61   107
61   126
61   127
62    26
62    40
62    43
62    53
62    79
62   111
63    14
63    42
63    49
63    82
63    94
63   103
63   109
63   126