0     0
0    65
0    68
0    70
0    71
0    74
0    76
0    79
0    81
0    82
0    87
0    90
0    94
0    95
0    96
0    98
0    99
0   106
0   107
0   111
0   125
0   127
1     1
1    65
1    67
1    69
1    70
1    71
1    72
1    73
1    76
1    79
1    81
1    84
1    85
1    87
1    88
1    94
1    96
1    97
1    98
1    99
1   107
1   108
1   109
1   110
1   111
1   115
1   119
1   122
1   125
1   127
2     2
2    65
2    66
2    71
2    72
2    80
2    82
2    85
2    87
2    90
2    96
2    98
2   100
2   105
2   109
2   110
2   112
2   117
3     3
3    64
3    65
3    66
3    70
3    72
3    73
3    76
3    77
3    79
3    80
3    81
3    84
3    86
3    90
3    91
3    92
3    94
3    96
3    97
3    98
3    99
3   105
3   106
3   107
3   109
3   111
3   113
3   114
3   118
3   120
3   122
3   125
3   127
4     4
4    66
4    71
4    72
4    73
4    81
4    84
4    85
4    87
4    88
4    97
4    98
4   105
4   106
4   107
4   108
4   109
4   110
4   112
4   117
4   119
4   120
4   121
4   122
4   125
4   126
5     5
5    70
5    71
5    73
5    77
5    79
5    81
5    82
5    84
5    85
5    86
5    87
5    90
5    91
5    92
5    94
5    97
5   100
5   104
5   106
5   107
5   109
5   111
5   112
5   113
5   114
5   117
5   122
5   125
5   126
6     6
6    67
6    68
6    71
6    72
6    76
6    77
6    81
6    82
6    83
6    85
6    88
6    91
6    96
6    98
6    99
6   106
6   107
6   108
6   110
6   114
6   119
6   126
6   127
7     7
7    64
7    65
7    67
7    71
7    81
7    82
7    85
7    89
7    91
7    94
7    96
7    98
7   107
7   109
7   110
7   118
7   120
7   125
7   126
8     8
8    64
8    65
8    66
8    70
8    72
8    76
8    77
8    79
8    80
8    84
8    86
8    88
8    90
8    92
8    96
8    98
8   104
8   105
8   106
8   108
8   109
8   111
8   113
8   114
8   118
8   119
8   120
8   126
8   127
9     9
9    64
9    65
9    66
9    67
9    72
9    73
9    77
9    82
9    85
9    87
9    88
9    91
9    94
9    96
9    97
9    98
9   100
9   105
9   108
9   109
9   110
9   112
9   115
9   117
9   118
9   119
9   120
9   122
9   124
9   125
9   126
10    10
10    64
10    65
10    66
10    67
10    70
10    72
10    77
10    81
10    84
10    87
10    89
10    94
10    96
10    98
10    99
10   105
10   107
10   115
10   117
10   118
10   119
10   125
10   126
11    11
11    65
11    66
11    67
11    70
11    72
11    76
11    77
11    79
11    81
11    82
11    84
11    85
11    86
11    91
11    96
11    99
11   107
11   109
11   110
11   111
11   115
11   117
11   118
11   120
11   124
11   125
11   127
12    12
12    64
12    81
12    88
12    91
12    94
12    99
12   100
12   103
12   105
12   106
12   107
12   109
12   110
12   112
12   115
12   117
12   119
12   120
12   124
12   125
12   126
13    13
13    67
13    68
13    70
13    73
13    76
13    79
13    80
13    87
13    88
13    91
13    93
13    97
13    98
13   100
13   108
13   111
13   112
13   117
13   119
13   121
13   122
13   125
13   127
14    14
14    64
14    65
14    68
14    70
14    77
14    79
14    81
14    82
14    84
14    85
14    87
14    88
14    90
14    91
14    94
14    96
14    99
14   100
14   107
14   109
14   110
14   111
14   112
14   118
14   119
14   120
14   124
15    15
15    65
15    66
15    67
15    71
15    72
15    73
15    80
15    81
15    84
15    85
15    87
15    88
15    94
15    96
15    98
15    99
15   107
15   110
15   117
15   118
15   119
15   121
15   122
15   123
15   124
15   125
15   126
16    16
16    70
16    71
16    77
16    79
16    80
16    82
16    84
16    85
16    86
16    87
16    88
16    92
16    94
16    99
16   101
16   103
16   104
16   108
16   109
16   111
16   112
16   113
16   114
16   119
16   120
17    17
17    65
17    66
17    72
17    74
17    77
17    81
17    82
17    85
17    87
17    88
17    94
17    95
17    98
17   105
17   107
17   110
17   117
17   119
17   120
18    18
18    65
18    66
18    67
18    71
18    72
18    77
18    82
18    85
18    87
18    94
18    96
18    98
18    99
18   100
18   105
18   106
18   110
18   112
18   115
18   117
18   124
19    19
19    67
19    81
19    84
19    85
19    90
19    91
19    98
19    99
19   107
19   109
19   110
19   121
19   123
19   125
19   126
20    20
20    65
20    66
20    67
20    69
20    71
20    73
20    80
20    86
20    87
20    88
20    91
20    96
20    97
20    99
20   105
20   106
20   108
20   117
20   119
20   120
20   122
21    21
21    67
21    70
21    71
21    77
21    79
21    80
21    81
21    85
21    86
21    87
21    88
21    90
21    92
21    94
21   100
21   102
21   103
21   107
21   108
21   109
21   111
21   112
21   113
21   114
21   116
21   119
21   121
21   125
21   126
22    22
22    64
22    65
22    66
22    71
22    72
22    73
22    80
22    81
22    82
22    84
22    86
22    87
22    90
22    91
22    92
22    96
22    97
22   100
22   105
22   106
22   107
22   112
22   113
22   114
22   115
22   117
22   118
22   122
22   124
22   125
22   126
23    23
23    64
23    65
23    66
23    70
23    72
23    73
23    76
23    77
23    79
23    81
23    84
23    88
23    90
23    94
23    95
23    96
23    97
23    98
23   105
23   106
23   107
23   108
23   109
23   111
23   118
23   119
23   120
23   125
23   127
24    24
24    65
24    66
24    67
24    71
24    72
24    73
24    76
24    80
24    82
24    85
24    86
24    87
24    90
24    91
24    96
24    97
24    98
24    99
24   100
24   105
24   106
24   108
24   110
24   112
24   113
24   115
24   117
24   122
24   124
24   126
24   127
25    25
25    65
25    67
25    77
25    81
25    82
25    85
25    88
25    91
25    92
25    94
25    96
25    98
25   102
25   103
25   107
25   108
25   114
25   116
25   117
25   119
25   120
25   125
25   126
26    26
26    64
26    65
26    66
26    70
26    71
26    72
26    73
26    80
26    84
26    86
26    87
26    90
26    91
26    96
26    97
26    98
26    99
26   100
26   105
26   108
26   111
26   115
26   117
26   122
26   124
27    27
27    64
27    65
27    66
27    67
27    72
27    74
27    77
27    80
27    87
27    91
27    94
27    95
27    96
27    97
27   100
27   105
27   108
27   112
27   115
27   117
27   118
27   125
27   126
28    28
28    65
28    70
28    71
28    79
28    80
28    81
28    83
28    84
28    87
28    91
28    94
28    98
28   106
28   107
28   108
28   111
28   114
28   117
28   119
28   120
28   124
28   125
28   126
29    29
29    65
29    66
29    69
29    70
29    73
29    76
29    77
29    79
29    80
29    81
29    84
29    86
29    88
29    90
29    91
29    96
29    97
29    98
29   105
29   106
29   107
29   108
29   111
29   113
29   115
29   120
29   122
29   125
29   127
30    30
30    66
30    70
30    71
30    72
30    76
30    77
30    78
30    79
30    81
30    82
30    84
30    85
30    88
30    91
30   105
30   106
30   107
30   108
30   110
30   111
30   115
30   117
30   119
30   122
30   125
30   126
30   127
31    31
31    64
31    65
31    69
31    70
31    71
31    72
31    73
31    76
31    79
31    80
31    84
31    87
31    88
31    90
31    96
31    97
31    98
31   100
31   106
31   108
31   109
31   111
31   112
31   118
31   119
31   120
31   122
31   126
31   127
32    32
32    65
32    66
32    70
32    72
32    76
32    77
32    78
32    79
32    84
32    85
32    88
32    90
32    94
32    96
32    98
32    99
32   105
32   110
32   111
32   115
32   117
32   119
32   122
32   126
32   127
33    33
33    65
33    73
33    77
33    80
33    81
33    86
33    88
33    90
33    92
33    96
33    97
33   100
33   104
33   107
33   112
33   113
33   114
33   115
33   117
33   119
33   122
33   124
33   127
34    34
34    66
34    67
34    70
34    72
34    73
34    79
34    80
34    81
34    85
34    88
34    90
34    97
34   100
34   105
34   107
34   108
34   109
34   110
34   111
34   112
34   119
34   120
34   122
34   125
34   126
35    35
35    64
35    65
35    66
35    67
35    71
35    72
35    73
35    80
35    84
35    85
35    86
35    87
35    91
35    96
35    97
35    98
35   100
35   105
35   106
35   108
35   112
35   115
35   117
35   118
35   120
35   121
35   122
35   123
35   124
36    36
36    65
36    66
36    70
36    72
36    73
36    77
36    79
36    81
36    82
36    84
36    85
36    88
36    89
36    90
36    94
36    96
36    97
36   100
36   106
36   107
36   108
36   109
36   110
36   111
36   112
36   115
36   118
36   119
36   122
36   124
36   125
36   126
36   127
37    37
37    64
37    66
37    69
37    71
37    77
37    82
37    85
37    87
37    91
37    98
37   100
37   105
37   109
37   110
37   112
37   115
37   118
37   120
37   124
38    38
38    65
38    66
38    67
38    70
38    71
38    72
38    73
38    79
38    82
38    84
38    85
38    86
38    91
38    94
38    96
38    97
38   105
38   106
38   108
38   110
38   111
38   113
38   115
38   117
38   122
38   124
38   127
39    39
39    64
39    65
39    66
39    70
39    72
39    73
39    76
39    77
39    79
39    80
39    81
39    82
39    84
39    85
39    90
39    91
39    94
39    96
39    97
39   100
39   101
39   105
39   106
39   107
39   108
39   110
39   111
39   118
39   122
39   125
39   127
40    40
40    64
40    66
40    67
40    70
40    71
40    72
40    73
40    76
40    77
40    78
40    81
40    84
40    87
40    88
40    91
40    96
40    97
40    98
40    99
40   100
40   105
40   107
40   108
40   111
40   112
40   119
40   124
40   125
40   127
41    41
41    65
41    73
41    74
41    77
41    88
41    90
41    91
41    94
41    95
41    96
41    97
41    99
41   100
41   106
41   107
41   108
41   112
41   117
41   119
41   120
41   124
41   125
41   126
42    42
42    66
42    72
42    73
42    75
42    76
42    80
42    81
42    82
42    86
42    87
42    92
42    94
42    97
42    98
42    99
42   100
42   102
42   103
42   105
42   106
42   110
42   112
42   113
42   114
42   115
42   116
42   117
42   122
42   124
42   125
42   127
43    43
43    65
43    66
43    70
43    72
43    73
43    75
43    77
43    81
43    84
43    85
43    87
43    88
43    90
43    91
43    94
43    96
43    97
43    98
43   100
43   105
43   106
43   108
43   110
43   111
43   112
43   115
43   118
43   119
43   120
43   122
43   124
43   125
43   126
44    44
44    64
44    67
44    73
44    75
44    76
44    81
44    85
44    88
44    89
44    90
44    91
44    97
44   108
44   110
44   118
44   119
44   122
44   125
44   127
45    45
45    65
45    66
45    67
45    72
45    76
45    77
45    80
45    81
45    82
45    87
45    94
45    96
45   105
45   110
45   115
45   120
45   124
45   125
45   127
46    46
46    64
46    65
46    66
46    67
46    70
46    71
46    72
46    73
46    74
46    76
46    78
46    79
46    80
46    82
46    84
46    85
46    86
46    92
46    95
46    96
46    97
46    99
46   100
46   102
46   103
46   105
46   111
46   112
46   113
46   114
46   116
46   117
46   118
46   120
46   124
46   125
46   127
47    47
47    64
47    70
47    71
47    76
47    77
47    82
47    83
47    84
47    85
47    87
47    88
47    90
47    91
47    96
47    99
47   108
47   110
47   114
47   117
47   119
47   120
47   126
47   127
48    48
48    66
48    71
48    72
48    76
48    77
48    80
48    81
48    85
48    87
48    90
48    96
48    98
48    99
48   105
48   106
48   107
48   110
48   115
48   118
48   120
48   124
48   125
48   127
49    49
49    73
49    76
49    81
49    91
49    97
49    99
49   100
49   106
49   107
49   109
49   112
49   114
49   115
49   117
49   120
49   122
49   124
49   125
49   127
50    50
50    67
50    70
50    73
50    79
50    82
50    84
50    85
50    87
50    88
50    89
50    90
50    91
50    94
50    97
50   106
50   108
50   111
50   119
50   122
51    51
51    67
51    70
51    73
51    75
51    76
51    79
51    80
51    82
51    84
51    87
51    88
51    91
51    97
51   100
51   106
51   107
51   108
51   111
51   112
51   115
51   117
51   119
51   122
51   126
51   127
52    52
52    66
52    67
52    70
52    71
52    72
52    73
52    76
52    77
52    84
52    87
52    88
52    90
52    91
52    95
52    97
52    98
52   100
52   103
52   105
52   106
52   108
52   110
52   112
52   115
52   116
52   119
52   120
52   122
52   124
52   126
52   127
53    53
53    64
53    65
53    66
53    70
53    72
53    73
53    77
53    84
53    87
53    88
53    90
53    91
53    94
53    96
53    98
53    99
53   105
53   107
53   109
53   111
53   115
53   119
53   122
54    54
54    70
54    71
54    73
54    76
54    77
54    79
54    82
54    86
54    87
54    91
54    92
54    94
54    97
54    98
54   100
54   109
54   111
54   112
54   113
54   114
54   115
54   120
54   121
54   122
54   123
54   126
54   127
55    55
55    64
55    65
55    67
55    70
55    71
55    77
55    79
55    84
55    87
55    94
55    96
55    98
55   100
55   103
55   105
55   106
55   110
55   111
55   112
55   115
55   116
55   120
55   124
56    56
56    64
56    70
56    73
56    74
56    79
56    81
56    82
56    84
56    85
56    87
56    95
56    97
56   100
56   101
56   107
56   108
56   109
56   110
56   111
56   115
56   117
56   118
56   120
56   122
56   124
57    57
57    67
57    71
57    73
57    75
57    76
57    77
57    80
57    81
57    84
57    88
57    90
57    91
57    97
57    98
57    99
57   100
57   108
57   112
57   115
57   117
57   122
57   125
57   127
58    58
58    69
58    70
58    71
58    72
58    73
58    77
58    79
58    80
58    81
58    84
58    86
58    87
58    91
58    92
58    94
58    97
58    98
58   103
58   106
58   107
58   109
58   110
58   111
58   113
58   114
58   120
58   122
58   125
58   126
59    59
59    64
59    70
59    71
59    73
59    76
59    77
59    79
59    80
59    82
59    85
59    87
59    91
59    93
59    97
59    99
59   108
59   110
59   111
59   118
59   120
59   121
59   122
59   124
59   126
59   127
60    60
60    64
60    70
60    73
60    79
60    80
60    81
60    82
60    84
60    85
60    86
60    87
60    90
60    94
60    96
60    97
60   100
60   106
60   107
60   108
60   109
60   110
60   111
60   112
60   115
60   118
60   122
60   124
60   125
60   126
61    61
61    65
61    66
61    67
61    71
61    73
61    80
61    87
61    88
61    91
61    94
61    96
61    99
61   105
61   106
61   109
61   119
61   120
61   122
61   124
62    62
62    64
62    65
62    66
62    67
62    69
62    70
62    71
62    73
62    75
62    76
62    79
62    85
62    88
62    91
62    93
62    94
62    96
62    97
62    98
62    99
62   105
62   106
62   107
62   108
62   110
62   111
62   118
62   119
62   120
62   121
62   122
62   126
62   127
63    63
63    66
63    67
63    70
63    71
63    72
63    73
63    77
63    79
63    80
63    82
63    84
63    85
63    90
63    91
63    95
63    97
63   105
63   106
63   108
63   110
63   111
63   122
63   126