0   0
0   30
0   61
0   107
0   121
0   190
0   213
0   218
0   261
0   277
0   308
0   320
0   337
0   360
0   393
0   413
0   433
0   475
0   500
0   504
1   1
1   31
1   62
1   108
1   122
1   191
1   214
1   219
1   262
1   278
1   309
1   321
1   338
1   361
1   394
1   414
1   434
1   476
1   501
1   505
2   2
2   32
2   63
2   109
2   123
2   168
2   215
2   220
2   263
2   279
2   310
2   322
2   339
2   362
2   395
2   415
2   435
2   477
2   502
2   506
3   3
3   33
3   64
3   110
3   124
3   169
3   192
3   221
3   240
3   280
3   311
3   323
3   340
3   363
3   396
3   416
3   436
3   478
3   503
3   507
4   4
4   34
4   65
4   111
4   125
4   170
4   193
4   222
4   241
4   281
4   288
4   324
4   341
4   364
4   397
4   417
4   437
4   479
4   480
4   508
5   5
5   35
5   66
5   112
5   126
5   171
5   194
5   223
5   242
5   282
5   289
5   325
5   342
5   365
5   398
5   418
5   438
5   456
5   481
5   509
6   6
6   36
6   67
6   113
6   127
6   172
6   195
6   224
6   243
6   283
6   290
6   326
6   343
6   366
6   399
6   419
6   439
6   457
6   482
6   510
7   7
7   37
7   68
7   114
7   128
7   173
7   196
7   225
7   244
7   284
7   291
7   327
7   344
7   367
7   400
7   420
7   440
7   458
7   483
7   511
8   8
8   38
8   69
8   115
8   129
8   174
8   197
8   226
8   245
8   285
8   292
8   328
8   345
8   368
8   401
8   421
8   441
8   459
8   484
8   512
9   9
9   39
9   70
9   116
9   130
9   175
9   198
9   227
9   246
9   286
9   293
9   329
9   346
9   369
9   402
9   422
9   442
9   460
9   485
9   513
10   10
10   40
10   71
10   117
10   131
10   176
10   199
10   228
10   247
10   287
10   294
10   330
10   347
10   370
10   403
10   423
10   443
10   461
10   486
10   514
11   11
11   41
11   48
11   118
11   132
11   177
11   200
11   229
11   248
11   264
11   295
11   331
11   348
11   371
11   404
11   424
11   444
11   462
11   487
11   515
12   12
12   42
12   49
12   119
12   133
12   178
12   201
12   230
12   249
12   265
12   296
12   332
12   349
12   372
12   405
12   425
12   445
12   463
12   488
12   516
13   13
13   43
13   50
13   96
13   134
13   179
13   202
13   231
13   250
13   266
13   297
13   333
13   350
13   373
13   406
13   426
13   446
13   464
13   489
13   517
14   14
14   44
14   51
14   97
14   135
14   180
14   203
14   232
14   251
14   267
14   298
14   334
14   351
14   374
14   407
14   427
14   447
14   465
14   490
14   518
15   15
15   45
15   52
15   98
15   136
15   181
15   204
15   233
15   252
15   268
15   299
15   335
15   352
15   375
15   384
15   428
15   448
15   466
15   491
15   519
16   16
16   46
16   53
16   99
16   137
16   182
16   205
16   234
16   253
16   269
16   300
16   312
16   353
16   376
16   385
16   429
16   449
16   467
16   492
16   520
17   17
17   47
17   54
17   100
17   138
17   183
17   206
17   235
17   254
17   270
17   301
17   313
17   354
17   377
17   386
17   430
17   450
17   468
17   493
17   521
18   18
18   24
18   55
18   101
18   139
18   184
18   207
18   236
18   255
18   271
18   302
18   314
18   355
18   378
18   387
18   431
18   451
18   469
18   494
18   522
19   19
19   25
19   56
19   102
19   140
19   185
19   208
19   237
19   256
19   272
19   303
19   315
19   356
19   379
19   388
19   408
19   452
19   470
19   495
19   523
20   20
20   26
20   57
20   103
20   141
20   186
20   209
20   238
20   257
20   273
20   304
20   316
20   357
20   380
20   389
20   409
20   453
20   471
20   496
20   524
21   21
21   27
21   58
21   104
21   142
21   187
21   210
21   239
21   258
21   274
21   305
21   317
21   358
21   381
21   390
21   410
21   454
21   472
21   497
21   525
22   22
22   28
22   59
22   105
22   143
22   188
22   211
22   216
22   259
22   275
22   306
22   318
22   359
22   382
22   391
22   411
22   455
22   473
22   498
22   526
23   23
23   29
23   60
23   106
23   120
23   189
23   212
23   217
23   260
23   276
23   307
23   319
23   336
23   383
23   392
23   412
23   432
23   474
23   499
23   527
24   25
24   81
24   106
24   131
24   147
24   187
24   203
24   250
24   269
24   291
24   329
24   339
24   378
24   384
24   419
24   444
24   456
24   480
24   504
24   528
25   26
25   82
25   107
25   132
25   148
25   188
25   204
25   251
25   270
25   292
25   330
25   340
25   379
25   385
25   420
25   445
25   457
25   481
25   505
25   529
26   27
26   83
26   108
26   133
26   149
26   189
26   205
26   252
26   271
26   293
26   331
26   341
26   380
26   386
26   421
26   446
26   458
26   482
26   506
26   530
27   28
27   84
27   109
27   134
27   150
27   190
27   206
27   253
27   272
27   294
27   332
27   342
27   381
27   387
27   422
27   447
27   459
27   483
27   507
27   531
28   29
28   85
28   110
28   135
28   151
28   191
28   207
28   254
28   273
28   295
28   333
28   343
28   382
28   388
28   423
28   448
28   460
28   484
28   508
28   532
29   30
29   86
29   111
29   136
29   152
29   168
29   208
29   255
29   274
29   296
29   334
29   344
29   383
29   389
29   424
29   449
29   461
29   485
29   509
29   533
30   31
30   87
30   112
30   137
30   153
30   169
30   209
30   256
30   275
30   297
30   335
30   345
30   360
30   390
30   425
30   450
30   462
30   486
30   510
30   534
31   32
31   88
31   113
31   138
31   154
31   170
31   210
31   257
31   276
31   298
31   312
31   346
31   361
31   391
31   426
31   451
31   463
31   487
31   511
31   535
32   33
32   89
32   114
32   139
32   155
32   171
32   211
32   258
32   277
32   299
32   313
32   347
32   362
32   392
32   427
32   452
32   464
32   488
32   512
32   536
33   34
33   90
33   115
33   140
33   156
33   172
33   212
33   259
33   278
33   300
33   314
33   348
33   363
33   393
33   428
33   453
33   465
33   489
33   513
33   537
34   35
34   91
34   116
34   141
34   157
34   173
34   213
34   260
34   279
34   301
34   315
34   349
34   364
34   394
34   429
34   454
34   466
34   490
34   514
34   538
35   36
35   92
35   117
35   142
35   158
35   174
35   214
35   261
35   280
35   302
35   316
35   350
35   365
35   395
35   430
35   455
35   467
35   491
35   515
35   539
36   37
36   93
36   118
36   143
36   159
36   175
36   215
36   262
36   281
36   303
36   317
36   351
36   366
36   396
36   431
36   432
36   468
36   492
36   516
36   540
37   38
37   94
37   119
37   120
37   160
37   176
37   192
37   263
37   282
37   304
37   318
37   352
37   367
37   397
37   408
37   433
37   469
37   493
37   517
37   541
38   39
38   95
38   96
38   121
38   161
38   177
38   193
38   240
38   283
38   305
38   319
38   353
38   368
38   398
38   409
38   434
38   470
38   494
38   518
38   542
39   40
39   72
39   97
39   122
39   162
39   178
39   194
39   241
39   284
39   306
39   320
39   354
39   369
39   399
39   410
39   435
39   471
39   495
39   519
39   543
40   41
40   73
40   98
40   123
40   163
40   179
40   195
40   242
40   285
40   307
40   321
40   355
40   370
40   400
40   411
40   436
40   472
40   496
40   520
40   544
41   42
41   74
41   99
41   124
41   164
41   180
41   196
41   243
41   286
41   308
41   322
41   356
41   371
41   401
41   412
41   437
41   473
41   497
41   521
41   545
42   43
42   75
42   100
42   125
42   165
42   181
42   197
42   244
42   287
42   309
42   323
42   357
42   372
42   402
42   413
42   438
42   474
42   498
42   522
42   546
43   44
43   76
43   101
43   126
43   166
43   182
43   198
43   245
43   264
43   310
43   324
43   358
43   373
43   403
43   414
43   439
43   475
43   499
43   523
43   547
44   45
44   77
44   102
44   127
44   167
44   183
44   199
44   246
44   265
44   311
44   325
44   359
44   374
44   404
44   415
44   440
44   476
44   500
44   524
44   548
45   46
45   78
45   103
45   128
45   144
45   184
45   200
45   247
45   266
45   288
45   326
45   336
45   375
45   405
45   416
45   441
45   477
45   501
45   525
45   549
46   47
46   79
46   104
46   129
46   145
46   185
46   201
46   248
46   267
46   289
46   327
46   337
46   376
46   406
46   417
46   442
46   478
46   502
46   526
46   550
47   24
47   80
47   105
47   130
47   146
47   186
47   202
47   249
47   268
47   290
47   328
47   338
47   377
47   407
47   418
47   443
47   479
47   503
47   527
47   551
48   12
48   44
48   68
48   73
48   112
48   149
48   199
48   222
48   262
48   279
48   308
48   314
48   357
48   379
48   399
48   430
48   448
48   459
48   528
48   552
49   13
49   45
49   69
49   74
49   113
49   150
49   200
49   223
49   263
49   280
49   309
49   315
49   358
49   380
49   400
49   431
49   449
49   460
49   529
49   553
50   14
50   46
50   70
50   75
50   114
50   151
50   201
50   224
50   240
50   281
50   310
50   316
50   359
50   381
50   401
50   408
50   450
50   461
50   530
50   554
51   15
51   47
51   71
51   76
51   115
51   152
51   202
51   225
51   241
51   282
51   311
51   317
51   336
51   382
51   402
51   409
51   451
51   462
51   531
51   555
52   16
52   24
52   48
52   77
52   116
52   153
52   203
52   226
52   242
52   283
52   288
52   318
52   337
52   383
52   403
52   410
52   452
52   463
52   532
52   556
53   17
53   25
53   49
53   78
53   117
53   154
53   204
53   227
53   243
53   284
53   289
53   319
53   338
53   360
53   404
53   411
53   453
53   464
53   533
53   557
54   18
54   26
54   50
54   79
54   118
54   155
54   205
54   228
54   244
54   285
54   290
54   320
54   339
54   361
54   405
54   412
54   454
54   465
54   534
54   558
55   19
55   27
55   51
55   80
55   119
55   156
55   206
55   229
55   245
55   286
55   291
55   321
55   340
55   362
55   406
55   413
55   455
55   466
55   535
55   559
56   20
56   28
56   52
56   81
56   96
56   157
56   207
56   230
56   246
56   287
56   292
56   322
56   341
56   363
56   407
56   414
56   432
56   467
56   536
56   560
57   21
57   29
57   53
57   82
57   97
57   158
57   208
57   231
57   247
57   264
57   293
57   323
57   342
57   364
57   384
57   415
57   433
57   468
57   537
57   561
58   22
58   30
58   54
58   83
58   98
58   159
58   209
58   232
58   248
58   265
58   294
58   324
58   343
58   365
58   385
58   416
58   434
58   469
58   538
58   562
59   23
59   31
59   55
59   84
59   99
59   160
59   210
59   233
59   249
59   266
59   295
59   325
59   344
59   366
59   386
59   417
59   435
59   470
59   539
59   563
60   0
60   32
60   56
60   85
60   100
60   161
60   211
60   234
60   250
60   267
60   296
60   326
60   345
60   367
60   387
60   418
60   436
60   471
60   540
60   564
61   1
61   33
61   57
61   86
61   101
61   162
61   212
61   235
61   251
61   268
61   297
61   327
61   346
61   368
61   388
61   419
61   437
61   472
61   541
61   565
62   2
62   34
62   58
62   87
62   102
62   163
62   213
62   236
62   252
62   269
62   298
62   328
62   347
62   369
62   389
62   420
62   438
62   473
62   542
62   566
63   3
63   35
63   59
63   88
63   103
63   164
63   214
63   237
63   253
63   270
63   299
63   329
63   348
63   370
63   390
63   421
63   439
63   474
63   543
63   567
64   4
64   36
64   60
64   89
64   104
64   165
64   215
64   238
64   254
64   271
64   300
64   330
64   349
64   371
64   391
64   422
64   440
64   475
64   544
64   568
65   5
65   37
65   61
65   90
65   105
65   166
65   192
65   239
65   255
65   272
65   301
65   331
65   350
65   372
65   392
65   423
65   441
65   476
65   545
65   569
66   6
66   38
66   62
66   91
66   106
66   167
66   193
66   216
66   256
66   273
66   302
66   332
66   351
66   373
66   393
66   424
66   442
66   477
66   546
66   570
67   7
67   39
67   63
67   92
67   107
67   144
67   194
67   217
67   257
67   274
67   303
67   333
67   352
67   374
67   394
67   425
67   443
67   478
67   547
67   571
68   8
68   40
68   64
68   93
68   108
68   145
68   195
68   218
68   258
68   275
68   304
68   334
68   353
68   375
68   395
68   426
68   444
68   479
68   548
68   572
69   9
69   41
69   65
69   94
69   109
69   146
69   196
69   219
69   259
69   276
69   305
69   335
69   354
69   376
69   396
69   427
69   445
69   456
69   549
69   573
70   10
70   42
70   66
70   95
70   110
70   147
70   197
70   220
70   260
70   277
70   306
70   312
70   355
70   377
70   397
70   428
70   446
70   457
70   550
70   574
71   11
71   43
71   67
71   72
71   111
71   148
71   198
71   221
71   261
71   278
71   307
71   313
71   356
71   378
71   398
71   429
71   447
71   458
71   551
71   575
72   12
72   60
72   75
72   129
72   147
72   170
72   194
72   221
72   253
72   286
72   295
72   335
72   350
72   367
72   405
72   431
72   434
72   472
72   500
72   552
73   13
73   61
73   76
73   130
73   148
73   171
73   195
73   222
73   254
73   287
73   296
73   312
73   351
73   368
73   406
73   408
73   435
73   473
73   501
73   553
74   14
74   62
74   77
74   131
74   149
74   172
74   196
74   223
74   255
74   264
74   297
74   313
74   352
74   369
74   407
74   409
74   436
74   474
74   502
74   554
75   15
75   63
75   78
75   132
75   150
75   173
75   197
75   224
75   256
75   265
75   298
75   314
75   353
75   370
75   384
75   410
75   437
75   475
75   503
75   555
76   16
76   64
76   79
76   133
76   151
76   174
76   198
76   225
76   257
76   266
76   299
76   315
76   354
76   371
76   385
76   411
76   438
76   476
76   480
76   556
77   17
77   65
77   80
77   134
77   152
77   175
77   199
77   226
77   258
77   267
77   300
77   316
77   355
77   372
77   386
77   412
77   439
77   477
77   481
77   557
78   18
78   66
78   81
78   135
78   153
78   176
78   200
78   227
78   259
78   268
78   301
78   317
78   356
78   373
78   387
78   413
78   440
78   478
78   482
78   558
79   19
79   67
79   82
79   136
79   154
79   177
79   201
79   228
79   260
79   269
79   302
79   318
79   357
79   374
79   388
79   414
79   441
79   479
79   483
79   559
80   20
80   68
80   83
80   137
80   155
80   178
80   202
80   229
80   261
80   270
80   303
80   319
80   358
80   375
80   389
80   415
80   442
80   456
80   484
80   560
81   21
81   69
81   84
81   138
81   156
81   179
81   203
81   230
81   262
81   271
81   304
81   320
81   359
81   376
81   390
81   416
81   443
81   457
81   485
81   561
82   22
82   70
82   85
82   139
82   157
82   180
82   204
82   231
82   263
82   272
82   305
82   321
82   336
82   377
82   391
82   417
82   444
82   458
82   486
82   562
83   23
83   71
83   86
83   140
83   158
83   181
83   205
83   232
83   240
83   273
83   306
83   322
83   337
83   378
83   392
83   418
83   445
83   459
83   487
83   563
84   0
84   48
84   87
84   141
84   159
84   182
84   206
84   233
84   241
84   274
84   307
84   323
84   338
84   379
84   393
84   419
84   446
84   460
84   488
84   564
85   1
85   49
85   88
85   142
85   160
85   183
85   207
85   234
85   242
85   275
85   308
85   324
85   339
85   380
85   394
85   420
85   447
85   461
85   489
85   565
86   2
86   50
86   89
86   143
86   161
86   184
86   208
86   235
86   243
86   276
86   309
86   325
86   340
86   381
86   395
86   421
86   448
86   462
86   490
86   566
87   3
87   51
87   90
87   120
87   162
87   185
87   209
87   236
87   244
87   277
87   310
87   326
87   341
87   382
87   396
87   422
87   449
87   463
87   491
87   567
88   4
88   52
88   91
88   121
88   163
88   186
88   210
88   237
88   245
88   278
88   311
88   327
88   342
88   383
88   397
88   423
88   450
88   464
88   492
88   568
89   5
89   53
89   92
89   122
89   164
89   187
89   211
89   238
89   246
89   279
89   288
89   328
89   343
89   360
89   398
89   424
89   451
89   465
89   493
89   569
90   6
90   54
90   93
90   123
90   165
90   188
90   212
90   239
90   247
90   280
90   289
90   329
90   344
90   361
90   399
90   425
90   452
90   466
90   494
90   570
91   7
91   55
91   94
91   124
91   166
91   189
91   213
91   216
91   248
91   281
91   290
91   330
91   345
91   362
91   400
91   426
91   453
91   467
91   495
91   571
92   8
92   56
92   95
92   125
92   167
92   190
92   214
92   217
92   249
92   282
92   291
92   331
92   346
92   363
92   401
92   427
92   454
92   468
92   496
92   572
93   9
93   57
93   72
93   126
93   144
93   191
93   215
93   218
93   250
93   283
93   292
93   332
93   347
93   364
93   402
93   428
93   455
93   469
93   497
93   573
94   10
94   58
94   73
94   127
94   145
94   168
94   192
94   219
94   251
94   284
94   293
94   333
94   348
94   365
94   403
94   429
94   432
94   470
94   498
94   574
95   11
95   59
95   74
95   128
95   146
95   169
95   193
95   220
95   252
95   285
95   294
95   334
95   349
95   366
95   404
95   430
95   433
95   471
95   499
95   575
