 0     0
 1     1
 2     2
 3     3
 4     4
 5     5
 6     6
 7     7
 8     8
 9     9
10    10
11    11
12    12
13    13
14    14
15    15
16    16
17    17
18    18
19    19
20    20
21    21
22    22
23    23
24    24
25    25
26    26
27    27
28    28
29    29
30    30
31    31
32    32
33    33
34    34
35    35
36    36
37    37
38    38
39    39
40    40
41    41
42    42
43    43
44    44
45    45
46    46
47    47
 1    48
 5    48
 6    48
 7    48
 9    48
11    48
12    48
13    48
14    48
15    48
16    48
18    48
19    48
22    48
24    48
25    48
26    48
27    48
28    48
29    48
31    48
34    48
38    48
40    48
41    48
44    48
46    48
 0    49
 1    49
 2    49
 5    49
 8    49
 9    49
10    49
12    49
13    49
14    49
15    49
18    49
19    49
22    49
24    49
28    49
30    49
31    49
32    49
37    49
40    49
 0    50
11    50
15    50
28    50
22    51
26    51
40    51
 3    52
 4    52
 6    52
 8    52
 9    52
10    52
11    52
12    52
13    52
14    52
15    52
17    52
18    52
19    52
21    52
22    52
25    52
26    52
27    52
29    52
30    52
32    52
37    52
39    52
45    52
46    52
47    52
 2    53
 4    53
20    53
36    53
 5    54
10    54
17    54
23    54
24    54
27    54
28    54
34    54
41    54
 2    55
 3    55
 4    55
 7    55
10    55
11    55
13    55
14    55
16    55
19    55
20    55
21    55
22    55
23    55
24    55
25    55
26    55
27    55
28    55
29    55
31    55
32    55
35    55
37    55
38    55
43    55
44    55
47    55
 0    56
 1    56
 2    56
 4    56
 5    56
 8    56
 9    56
10    56
12    56
13    56
14    56
15    56
18    56
19    56
28    56
31    56
37    56
38    56
40    56
44    56
 9    57
19    57
30    57
31    57
 1    58
 2    58
 4    58
 8    58
 9    58
10    58
11    58
12    58
14    58
16    58
17    58
18    58
19    58
29    58
31    58
38    58
40    58
44    58
 1    59
 2    59
 5    59
 7    59
 9    59
10    59
12    59
14    59
15    59
16    59
20    59
27    59
31    59
34    59
39    59
40    59
43    59
44    59
45    59
46    59
47    59
 4    60
 7    60
 8    60
10    60
12    60
13    60
14    60
15    60
21    60
23    60
26    60
27    60
29    60
34    60
35    60
38    60
40    60
44    60
 0    61
 1    61
 3    61
 4    61
 7    61
 8    61
11    61
15    61
17    61
22    61
23    61
24    61
25    61
27    61
28    61
32    61
33    61
34    61
35    61
37    61
40    61
42    61
47    61
 2    62
 5    62
 6    62
 8    62
 9    62
10    62
11    62
16    62
19    62
23    62
25    62
26    62
27    62
31    62
33    62
34    62
36    62
37    62
39    62
41    62
42    62
44    62
46    62
47    62
 2    63
16    63
23    63
46    63
 0    64
 2    64
 3    64
 6    64
 7    64
 8    64
 9    64
11    64
12    64
14    64
22    64
27    64
30    64
32    64
33    64
39    64
45    64
46    64
 1    65
 2    65
 5    65
 6    65
 7    65
14    65
15    65
16    65
18    65
19    65
21    65
23    65
24    65
25    65
26    65
27    65
30    65
39    65
40    65
43    65
44    65
45    65
46    65
47    65
 0    66
 3    66
 5    66
 7    66
 9    66
10    66
11    66
13    66
16    66
18    66
19    66
20    66
21    66
23    66
24    66
25    66
28    66
29    66
30    66
31    66
32    66
39    66
41    66
43    66
45    66
 0    67
 2    67
 5    67
 6    67
 8    67
 9    67
10    67
11    67
16    67
19    67
25    67
26    67
27    67
29    67
31    67
32    67
34    67
36    67
37    67
38    67
39    67
41    67
42    67
43    67
44    67
46    67
 0    68
 1    68
 3    68
 4    68
 6    68
 7    68
 9    68
10    68
11    68
12    68
13    68
14    68
15    68
19    68
21    68
22    68
23    68
26    68
30    68
32    68
35    68
38    68
39    68
40    68
44    68
45    68
46    68
 0    69
 2    69
 6    69
 7    69
 9    69
11    69
14    69
17    69
19    69
20    69
24    69
25    69
27    69
28    69
30    69
31    69
32    69
35    69
36    69
38    69
40    69
42    69
43    69
44    69
 1    70
 3    70
 4    70
 5    70
 6    70
 8    70
10    70
11    70
12    70
13    70
14    70
16    70
17    70
23    70
25    70
27    70
29    70
30    70
32    70
33    70
36    70
37    70
39    70
40    70
43    70
44    70
46    70
47    70
 2    71
 3    71
 4    71
 7    71
 8    71
10    71
11    71
13    71
14    71
16    71
18    71
19    71
20    71
21    71
22    71
23    71
24    71
25    71
26    71
27    71
28    71
29    71
30    71
31    71
32    71
35    71
37    71
40    71
43    71
44    71
47    71
 1    72
 3    72
 4    72
 5    72
 7    72
10    72
11    72
12    72
14    72
18    72
21    72
22    72
23    72
24    72
26    72
27    72
28    72
29    72
30    72
38    72
41    72
44    72
46    72
 2    73
 3    73
 4    73
 6    73
 7    73
 8    73
10    73
11    73
13    73
14    73
16    73
18    73
19    73
20    73
21    73
22    73
23    73
24    73
25    73
26    73
27    73
28    73
29    73
30    73
31    73
32    73
35    73
37    73
40    73
43    73
44    73
 4    74
24    74
38    74
44    74
 0    75
 1    75
 2    75
 3    75
 4    75
 6    75
 7    75
 9    75
10    75
11    75
12    75
13    75
15    75
19    75
21    75
22    75
23    75
26    75
30    75
32    75
34    75
35    75
38    75
39    75
40    75
44    75
45    75
46    75
 0    76
 1    76
 6    76
 9    76
10    76
12    76
13    76
14    76
16    76
18    76
22    76
24    76
25    76
26    76
27    76
29    76
30    76
34    76
37    76
38    76
40    76
41    76
42    76
44    76
46    76
 0    77
 1    77
 2    77
 3    77
 7    77
 8    77
15    77
17    77
20    77
22    77
23    77
24    77
25    77
27    77
28    77
31    77
32    77
33    77
34    77
35    77
36    77
37    77
39    77
40    77
42    77
44    77
46    77
47    77
 0    78
32    78
43    78
 2    79
 4    79
 5    79
 8    79
10    79
11    79
12    79
14    79
15    79
21    79
22    79
23    79
26    79
29    79
31    79
33    79
36    79
38    79
43    79
45    79
 5    80
24    80
28    80
 5    81
17    81
24    81
27    81
28    81
41    81
 1    82
 2    82
 4    82
 6    82
 9    82
10    82
11    82
12    82
13    82
14    82
16    82
17    82
23    82
24    82
26    82
27    82
28    82
29    82
31    82
32    82
35    82
36    82
38    82
41    82
43    82
45    82
47    82
 3    83
 4    83
 6    83
 8    83
 9    83
10    83
12    83
13    83
14    83
15    83
17    83
18    83
19    83
21    83
22    83
26    83
27    83
29    83
30    83
36    83
37    83
39    83
46    83
47    83
 0    84
 5    84
11    84
13    84
15    84
17    84
28    84
29    84
 4    85
 7    85
 8    85
10    85
12    85
13    85
21    85
23    85
26    85
29    85
34    85
35    85
37    85
38    85
40    85
44    85
45    85
 0    86
 2    86
 3    86
 6    86
 8    86
 9    86
11    86
12    86
14    86
19    86
22    86
27    86
29    86
30    86
32    86
39    86
45    86
46    86
 1    87
 2    87
 3    87
 4    87
 5    87
 6    87
 7    87
 9    87
11    87
12    87
13    87
16    87
19    87
21    87
26    87
27    87
31    87
33    87
35    87
36    87
39    87
40    87
41    87
42    87
45    87
46    87
 0    88
 1    88
 2    88
 7    88
 8    88
11    88
14    88
17    88
18    88
23    88
27    88
29    88
32    88
34    88
36    88
37    88
38    88
39    88
40    88
44    88
45    88
47    88
 1    89
 2    89
 3    89
 4    89
 6    89
 7    89
 8    89
10    89
11    89
13    89
14    89
16    89
18    89
21    89
22    89
26    89
27    89
30    89
32    89
34    89
38    89
39    89
42    89
44    89
45    89
46    89
 1    90
 2    90
 3    90
 5    90
 6    90
 7    90
12    90
14    90
15    90
16    90
18    90
19    90
21    90
23    90
25    90
26    90
27    90
30    90
39    90
40    90
43    90
44    90
45    90
46    90
47    90
 2    91
 5    91
 6    91
 8    91
 9    91
10    91
11    91
16    91
19    91
23    91
25    91
26    91
27    91
29    91
31    91
33    91
34    91
36    91
37    91
38    91
39    91
41    91
42    91
44    91
46    91
 1    92
 4    92
 5    92
 6    92
 7    92
 9    92
11    92
12    92
14    92
18    92
19    92
22    92
24    92
25    92
26    92
27    92
28    92
29    92
31    92
34    92
38    92
41    92
44    92
46    92
 0    93
 1    93
 2    93
 8    93
10    93
12    93
13    93
14    93
17    93
19    93
20    93
21    93
22    93
25    93
26    93
29    93
33    93
34    93
35    93
36    93
37    93
38    93
39    93
40    93
42    93
44    93
46    93
 1    94
 6    94
11    94
12    94
13    94
14    94
15    94
16    94
18    94
22    94
24    94
25    94
26    94
27    94
28    94
29    94
30    94
34    94
38    94
40    94
41    94
42    94
44    94
46    94
 1    95
 4    95
 7    95
 9    95
10    95
11    95
12    95
14    95
17    95
18    95
19    95
22    95
23    95
26    95
29    95
31    95
38    95
44    95
46    95