0	0
0	24
0	28
0	52
0	76
0	84
0	96
1	1
1	25
1	29
1	53
1	77
1	85
1	97
2	2
2	26
2	30
2	54
2	78
2	86
2	98
3	3
3	27
3	31
3	55
3	79
3	87
3	99
4	4
4	28
4	32
4	56
4	80
4	88
4	100
5	5
5	29
5	33
5	57
5	81
5	89
5	101
6	6
6	30
6	34
6	58
6	82
6	90
6	102
7	7
7	31
7	35
7	59
7	83
7	91
7	103
8	8
8	32
8	36
8	60
8	84
8	92
8	104
9	9
9	33
9	37
9	61
9	85
9	93
9	105
10	10
10	34
10	38
10	62
10	86
10	94
10	106
11	11
11	35
11	39
11	63
11	87
11	95
11	107
12	12
12	36
12	40
12	64
12	72
12	88
12	108
13	13
13	37
13	41
13	65
13	73
13	89
13	109
14	14
14	38
14	42
14	66
14	74
14	90
14	110
15	15
15	39
15	43
15	67
15	75
15	91
15	111
16	16
16	40
16	44
16	68
16	76
16	92
16	112
17	17
17	41
17	45
17	69
17	77
17	93
17	113
18	18
18	42
18	46
18	70
18	78
18	94
18	114
19	19
19	43
19	47
19	71
19	79
19	95
19	115
20	20
20	24
20	44
20	48
20	72
20	80
20	116
21	21
21	25
21	45
21	49
21	73
21	81
21	117
22	22
22	26
22	46
22	50
22	74
22	82
22	118
23	23
23	27
23	47
23	51
23	75
23	83
23	119
24	4
24	18
24	23
24	27
24	32
24	42
24	46
24	51
24	52
24	56
24	70
24	75
24	80
24	94
24	120
25	0
25	5
25	19
25	28
25	33
25	43
25	47
25	52
25	53
25	57
25	71
25	76
25	81
25	95
25	121
26	1
26	6
26	20
26	24
26	29
26	34
26	44
26	48
26	53
26	54
26	58
26	72
26	77
26	82
26	122
27	2
27	7
27	21
27	25
27	30
27	35
27	45
27	49
27	54
27	55
27	59
27	73
27	78
27	83
27	123
28	3
28	8
28	22
28	26
28	31
28	36
28	46
28	50
28	55
28	56
28	60
28	74
28	79
28	84
28	124
29	4
29	9
29	23
29	27
29	32
29	37
29	47
29	51
29	56
29	57
29	61
29	75
29	80
29	85
29	125
30	0
30	5
30	10
30	24
30	28
30	33
30	38
30	52
30	57
30	58
30	62
30	76
30	81
30	86
30	126
31	1
31	6
31	11
31	25
31	29
31	34
31	39
31	53
31	58
31	59
31	63
31	77
31	82
31	87
31	127
32	2
32	7
32	12
32	26
32	30
32	35
32	40
32	54
32	59
32	60
32	64
32	78
32	83
32	88
32	128
33	3
33	8
33	13
33	27
33	31
33	36
33	41
33	55
33	60
33	61
33	65
33	79
33	84
33	89
33	129
34	4
34	9
34	14
34	28
34	32
34	37
34	42
34	56
34	61
34	62
34	66
34	80
34	85
34	90
34	130
35	5
35	10
35	15
35	29
35	33
35	38
35	43
35	57
35	62
35	63
35	67
35	81
35	86
35	91
35	131
36	6
36	11
36	16
36	30
36	34
36	39
36	44
36	58
36	63
36	64
36	68
36	82
36	87
36	92
36	132
37	7
37	12
37	17
37	31
37	35
37	40
37	45
37	59
37	64
37	65
37	69
37	83
37	88
37	93
37	133
38	8
38	13
38	18
38	32
38	36
38	41
38	46
38	60
38	65
38	66
38	70
38	84
38	89
38	94
38	134
39	9
39	14
39	19
39	33
39	37
39	42
39	47
39	61
39	66
39	67
39	71
39	85
39	90
39	95
39	135
40	10
40	15
40	20
40	24
40	34
40	38
40	43
40	48
40	62
40	67
40	68
40	72
40	86
40	91
40	136
41	11
41	16
41	21
41	25
41	35
41	39
41	44
41	49
41	63
41	68
41	69
41	73
41	87
41	92
41	137
42	12
42	17
42	22
42	26
42	36
42	40
42	45
42	50
42	64
42	69
42	70
42	74
42	88
42	93
42	138
43	13
43	18
43	23
43	27
43	37
43	41
43	46
43	51
43	65
43	70
43	71
43	75
43	89
43	94
43	139
44	0
44	14
44	19
44	28
44	38
44	42
44	47
44	48
44	52
44	66
44	71
44	76
44	90
44	95
44	140
45	1
45	15
45	20
45	24
45	29
45	39
45	43
45	48
45	49
45	53
45	67
45	72
45	77
45	91
45	141
46	2
46	16
46	21
46	25
46	30
46	40
46	44
46	49
46	50
46	54
46	68
46	73
46	78
46	92
46	142
47	3
47	17
47	22
47	26
47	31
47	41
47	45
47	50
47	51
47	55
47	69
47	74
47	79
47	93
47	143
48	4
48	11
48	12
48	32
48	35
48	39
48	40
48	52
48	56
48	60
48	63
48	64
48	80
48	84
48	87
48	88
48	144
49	5
49	12
49	13
49	33
49	36
49	40
49	41
49	53
49	57
49	61
49	64
49	65
49	81
49	85
49	88
49	89
49	145
50	6
50	13
50	14
50	34
50	37
50	41
50	42
50	54
50	58
50	62
50	65
50	66
50	82
50	86
50	89
50	90
50	146
51	7
51	14
51	15
51	35
51	38
51	42
51	43
51	55
51	59
51	63
51	66
51	67
51	83
51	87
51	90
51	91
51	147
52	8
52	15
52	16
52	36
52	39
52	43
52	44
52	56
52	60
52	64
52	67
52	68
52	84
52	88
52	91
52	92
52	148
53	9
53	16
53	17
53	37
53	40
53	44
53	45
53	57
53	61
53	65
53	68
53	69
53	85
53	89
53	92
53	93
53	149
54	10
54	17
54	18
54	38
54	41
54	45
54	46
54	58
54	62
54	66
54	69
54	70
54	86
54	90
54	93
54	94
54	150
55	11
55	18
55	19
55	39
55	42
55	46
55	47
55	59
55	63
55	67
55	70
55	71
55	87
55	91
55	94
55	95
55	151
56	12
56	19
56	20
56	24
56	40
56	43
56	47
56	48
56	60
56	64
56	68
56	71
56	72
56	88
56	92
56	95
56	152
57	13
57	20
57	21
57	24
57	25
57	41
57	44
57	48
57	49
57	61
57	65
57	69
57	72
57	73
57	89
57	93
57	153
58	14
58	21
58	22
58	25
58	26
58	42
58	45
58	49
58	50
58	62
58	66
58	70
58	73
58	74
58	90
58	94
58	154
59	15
59	22
59	23
59	26
59	27
59	43
59	46
59	50
59	51
59	63
59	67
59	71
59	74
59	75
59	91
59	95
59	155
60	0
60	16
60	23
60	27
60	28
60	44
60	47
60	48
60	51
60	52
60	64
60	68
60	72
60	75
60	76
60	92
60	156
61	0
61	1
61	17
61	24
61	28
61	29
61	45
61	49
61	52
61	53
61	65
61	69
61	73
61	76
61	77
61	93
61	157
62	1
62	2
62	18
62	25
62	29
62	30
62	46
62	50
62	53
62	54
62	66
62	70
62	74
62	77
62	78
62	94
62	158
63	2
63	3
63	19
63	26
63	30
63	31
63	47
63	51
63	54
63	55
63	67
63	71
63	75
63	78
63	79
63	95
63	159
64	3
64	4
64	20
64	24
64	27
64	31
64	32
64	48
64	52
64	55
64	56
64	68
64	72
64	76
64	79
64	80
64	160
65	4
65	5
65	21
65	25
65	28
65	32
65	33
65	49
65	53
65	56
65	57
65	69
65	73
65	77
65	80
65	81
65	161
66	5
66	6
66	22
66	26
66	29
66	33
66	34
66	50
66	54
66	57
66	58
66	70
66	74
66	78
66	81
66	82
66	162
67	6
67	7
67	23
67	27
67	30
67	34
67	35
67	51
67	55
67	58
67	59
67	71
67	75
67	79
67	82
67	83
67	163
68	0
68	7
68	8
68	28
68	31
68	35
68	36
68	48
68	52
68	56
68	59
68	60
68	76
68	80
68	83
68	84
68	164
69	1
69	8
69	9
69	29
69	32
69	36
69	37
69	49
69	53
69	57
69	60
69	61
69	77
69	81
69	84
69	85
69	165
70	2
70	9
70	10
70	30
70	33
70	37
70	38
70	50
70	54
70	58
70	61
70	62
70	78
70	82
70	85
70	86
70	166
71	3
71	10
71	11
71	31
71	34
71	38
71	39
71	51
71	55
71	59
71	62
71	63
71	79
71	83
71	86
71	87
71	167
72	15
72	21
72	23
72	25
72	27
72	43
72	49
72	51
72	67
72	69
72	71
72	73
72	75
72	91
72	93
72	168
73	0
73	16
73	22
73	26
73	28
73	44
73	48
73	50
73	52
73	68
73	70
73	74
73	76
73	92
73	94
73	169
74	1
74	17
74	23
74	27
74	29
74	45
74	49
74	51
74	53
74	69
74	71
74	75
74	77
74	93
74	95
74	170
75	0
75	2
75	18
75	28
75	30
75	46
75	48
75	50
75	52
75	54
75	70
75	72
75	76
75	78
75	94
75	171
76	1
76	3
76	19
76	29
76	31
76	47
76	49
76	51
76	53
76	55
76	71
76	73
76	77
76	79
76	95
76	172
77	2
77	4
77	20
77	24
77	30
77	32
77	48
77	50
77	52
77	54
77	56
77	72
77	74
77	78
77	80
77	173
78	3
78	5
78	21
78	25
78	31
78	33
78	49
78	51
78	53
78	55
78	57
78	73
78	75
78	79
78	81
78	174
79	4
79	6
79	22
79	26
79	32
79	34
79	50
79	52
79	54
79	56
79	58
79	74
79	76
79	80
79	82
79	175
80	5
80	7
80	23
80	27
80	33
80	35
80	51
80	53
80	55
80	57
80	59
80	75
80	77
80	81
80	83
80	176
81	0
81	6
81	8
81	28
81	34
81	36
81	52
81	54
81	56
81	58
81	60
81	76
81	78
81	82
81	84
81	177
82	1
82	7
82	9
82	29
82	35
82	37
82	53
82	55
82	57
82	59
82	61
82	77
82	79
82	83
82	85
82	178
83	2
83	8
83	10
83	30
83	36
83	38
83	54
83	56
83	58
83	60
83	62
83	78
83	80
83	84
83	86
83	179
84	3
84	9
84	11
84	31
84	37
84	39
84	55
84	57
84	59
84	61
84	63
84	79
84	81
84	85
84	87
84	180
85	4
85	10
85	12
85	32
85	38
85	40
85	56
85	58
85	60
85	62
85	64
85	80
85	82
85	86
85	88
85	181
86	5
86	11
86	13
86	33
86	39
86	41
86	57
86	59
86	61
86	63
86	65
86	81
86	83
86	87
86	89
86	182
87	6
87	12
87	14
87	34
87	40
87	42
87	58
87	60
87	62
87	64
87	66
87	82
87	84
87	88
87	90
87	183
88	7
88	13
88	15
88	35
88	41
88	43
88	59
88	61
88	63
88	65
88	67
88	83
88	85
88	89
88	91
88	184
89	8
89	14
89	16
89	36
89	42
89	44
89	60
89	62
89	64
89	66
89	68
89	84
89	86
89	90
89	92
89	185
90	9
90	15
90	17
90	37
90	43
90	45
90	61
90	63
90	65
90	67
90	69
90	85
90	87
90	91
90	93
90	186
91	10
91	16
91	18
91	38
91	44
91	46
91	62
91	64
91	66
91	68
91	70
91	86
91	88
91	92
91	94
91	187
92	11
92	17
92	19
92	39
92	45
92	47
92	63
92	65
92	67
92	69
92	71
92	87
92	89
92	93
92	95
92	188
93	12
93	18
93	20
93	24
93	40
93	46
93	48
93	64
93	66
93	68
93	70
93	72
93	88
93	90
93	94
93	189
94	13
94	19
94	21
94	25
94	41
94	47
94	49
94	65
94	67
94	69
94	71
94	73
94	89
94	91
94	95
94	190
95	14
95	20
95	22
95	24
95	26
95	42
95	48
95	50
95	66
95	68
95	70
95	72
95	74
95	90
95	92
95	191
96	8
96	13
96	14
96	36
96	37
96	41
96	42
96	56
96	60
96	65
96	66
96	84
96	89
96	90
96	192
97	9
97	14
97	15
97	37
97	38
97	42
97	43
97	57
97	61
97	66
97	67
97	85
97	90
97	91
97	193
98	10
98	15
98	16
98	38
98	39
98	43
98	44
98	58
98	62
98	67
98	68
98	86
98	91
98	92
98	194
99	11
99	16
99	17
99	39
99	40
99	44
99	45
99	59
99	63
99	68
99	69
99	87
99	92
99	93
99	195
100	12
100	17
100	18
100	40
100	41
100	45
100	46
100	60
100	64
100	69
100	70
100	88
100	93
100	94
100	196
101	13
101	18
101	19
101	41
101	42
101	46
101	47
101	61
101	65
101	70
101	71
101	89
101	94
101	95
101	197
102	14
102	19
102	20
102	24
102	42
102	43
102	47
102	48
102	62
102	66
102	71
102	72
102	90
102	95
102	198
103	15
103	20
103	21
103	24
103	25
103	43
103	44
103	48
103	49
103	63
103	67
103	72
103	73
103	91
103	199
104	16
104	21
104	22
104	25
104	26
104	44
104	45
104	49
104	50
104	64
104	68
104	73
104	74
104	92
104	200
105	17
105	22
105	23
105	26
105	27
105	45
105	46
105	50
105	51
105	65
105	69
105	74
105	75
105	93
105	201
106	0
106	18
106	23
106	27
106	28
106	46
106	47
106	51
106	52
106	66
106	70
106	75
106	76
106	94
106	202
107	0
107	1
107	19
107	24
107	28
107	29
107	47
107	52
107	53
107	67
107	71
107	76
107	77
107	95
107	203
108	1
108	2
108	20
108	24
108	25
108	29
108	30
108	48
108	53
108	54
108	68
108	72
108	77
108	78
108	204
109	2
109	3
109	21
109	25
109	26
109	30
109	31
109	49
109	54
109	55
109	69
109	73
109	78
109	79
109	205
110	3
110	4
110	22
110	26
110	27
110	31
110	32
110	50
110	55
110	56
110	70
110	74
110	79
110	80
110	206
111	4
111	5
111	23
111	27
111	28
111	32
111	33
111	51
111	56
111	57
111	71
111	75
111	80
111	81
111	207
112	0
112	5
112	6
112	28
112	29
112	33
112	34
112	48
112	52
112	57
112	58
112	76
112	81
112	82
112	208
113	1
113	6
113	7
113	29
113	30
113	34
113	35
113	49
113	53
113	58
113	59
113	77
113	82
113	83
113	209
114	2
114	7
114	8
114	30
114	31
114	35
114	36
114	50
114	54
114	59
114	60
114	78
114	83
114	84
114	210
115	3
115	8
115	9
115	31
115	32
115	36
115	37
115	51
115	55
115	60
115	61
115	79
115	84
115	85
115	211
116	4
116	9
116	10
116	32
116	33
116	37
116	38
116	52
116	56
116	61
116	62
116	80
116	85
116	86
116	212
117	5
117	10
117	11
117	33
117	34
117	38
117	39
117	53
117	57
117	62
117	63
117	81
117	86
117	87
117	213
118	6
118	11
118	12
118	34
118	35
118	39
118	40
118	54
118	58
118	63
118	64
118	82
118	87
118	88
118	214
119	7
119	12
119	13
119	35
119	36
119	40
119	41
119	55
119	59
119	64
119	65
119	83
119	88
119	89
119	215
120	13
120	15
120	23
120	27
120	41
120	43
120	47
120	51
120	63
120	65
120	67
120	75
120	87
120	89
120	91
120	216
121	0
121	14
121	16
121	24
121	28
121	42
121	44
121	52
121	64
121	66
121	68
121	76
121	88
121	90
121	92
121	217
122	1
122	15
122	17
122	25
122	29
122	43
122	45
122	53
122	65
122	67
122	69
122	77
122	89
122	91
122	93
122	218
123	2
123	16
123	18
123	26
123	30
123	44
123	46
123	54
123	66
123	68
123	70
123	78
123	90
123	92
123	94
123	219
124	3
124	17
124	19
124	27
124	31
124	45
124	47
124	55
124	67
124	69
124	71
124	79
124	91
124	93
124	95
124	220
125	4
125	18
125	20
125	24
125	28
125	32
125	46
125	48
125	56
125	68
125	70
125	72
125	80
125	92
125	94
125	221
126	5
126	19
126	21
126	25
126	29
126	33
126	47
126	49
126	57
126	69
126	71
126	73
126	81
126	93
126	95
126	222
127	6
127	20
127	22
127	24
127	26
127	30
127	34
127	48
127	50
127	58
127	70
127	72
127	74
127	82
127	94
127	223
128	7
128	21
128	23
128	25
128	27
128	31
128	35
128	49
128	51
128	59
128	71
128	73
128	75
128	83
128	95
128	224
129	0
129	8
129	22
129	26
129	28
129	32
129	36
129	48
129	50
129	52
129	60
129	72
129	74
129	76
129	84
129	225
130	1
130	9
130	23
130	27
130	29
130	33
130	37
130	49
130	51
130	53
130	61
130	73
130	75
130	77
130	85
130	226
131	0
131	2
131	10
131	28
131	30
131	34
131	38
131	50
131	52
131	54
131	62
131	74
131	76
131	78
131	86
131	227
132	1
132	3
132	11
132	29
132	31
132	35
132	39
132	51
132	53
132	55
132	63
132	75
132	77
132	79
132	87
132	228
133	2
133	4
133	12
133	30
133	32
133	36
133	40
133	52
133	54
133	56
133	64
133	76
133	78
133	80
133	88
133	229
134	3
134	5
134	13
134	31
134	33
134	37
134	41
134	53
134	55
134	57
134	65
134	77
134	79
134	81
134	89
134	230
135	4
135	6
135	14
135	32
135	34
135	38
135	42
135	54
135	56
135	58
135	66
135	78
135	80
135	82
135	90
135	231
136	5
136	7
136	15
136	33
136	35
136	39
136	43
136	55
136	57
136	59
136	67
136	79
136	81
136	83
136	91
136	232
137	6
137	8
137	16
137	34
137	36
137	40
137	44
137	56
137	58
137	60
137	68
137	80
137	82
137	84
137	92
137	233
138	7
138	9
138	17
138	35
138	37
138	41
138	45
138	57
138	59
138	61
138	69
138	81
138	83
138	85
138	93
138	234
139	8
139	10
139	18
139	36
139	38
139	42
139	46
139	58
139	60
139	62
139	70
139	82
139	84
139	86
139	94
139	235
140	9
140	11
140	19
140	37
140	39
140	43
140	47
140	59
140	61
140	63
140	71
140	83
140	85
140	87
140	95
140	236
141	10
141	12
141	20
141	24
141	38
141	40
141	44
141	48
141	60
141	62
141	64
141	72
141	84
141	86
141	88
141	237
142	11
142	13
142	21
142	25
142	39
142	41
142	45
142	49
142	61
142	63
142	65
142	73
142	85
142	87
142	89
142	238
143	12
143	14
143	22
143	26
143	40
143	42
143	46
143	50
143	62
143	64
143	66
143	74
143	86
143	88
143	90
143	239
144	19
144	47
144	67
144	69
144	71
144	93
144	95
144	240
145	20
145	24
145	48
145	68
145	70
145	72
145	94
145	241
146	21
146	25
146	49
146	69
146	71
146	73
146	95
146	242
147	22
147	26
147	48
147	50
147	70
147	72
147	74
147	243
148	23
148	27
148	49
148	51
148	71
148	73
148	75
148	244
149	0
149	28
149	48
149	50
149	52
149	74
149	76
149	245
150	1
150	29
150	49
150	51
150	53
150	75
150	77
150	246
151	2
151	30
151	50
151	52
151	54
151	76
151	78
151	247
152	3
152	31
152	51
152	53
152	55
152	77
152	79
152	248
153	4
153	32
153	52
153	54
153	56
153	78
153	80
153	249
154	5
154	33
154	53
154	55
154	57
154	79
154	81
154	250
155	6
155	34
155	54
155	56
155	58
155	80
155	82
155	251
156	7
156	35
156	55
156	57
156	59
156	81
156	83
156	252
157	8
157	36
157	56
157	58
157	60
157	82
157	84
157	253
158	9
158	37
158	57
158	59
158	61
158	83
158	85
158	254
159	10
159	38
159	58
159	60
159	62
159	84
159	86
159	255
160	11
160	39
160	59
160	61
160	63
160	85
160	87
160	256
161	12
161	40
161	60
161	62
161	64
161	86
161	88
161	257
162	13
162	41
162	61
162	63
162	65
162	87
162	89
162	258
163	14
163	42
163	62
163	64
163	66
163	88
163	90
163	259
164	15
164	43
164	63
164	65
164	67
164	89
164	91
164	260
165	16
165	44
165	64
165	66
165	68
165	90
165	92
165	261
166	17
166	45
166	65
166	67
166	69
166	91
166	93
166	262
167	18
167	46
167	66
167	68
167	70
167	92
167	94
167	263
168	2
168	5
168	22
168	30
168	33
168	50
168	54
168	57
168	70
168	74
168	78
168	81
168	94
168	264
169	3
169	6
169	23
169	31
169	34
169	51
169	55
169	58
169	71
169	75
169	79
169	82
169	95
169	265
170	0
170	4
170	7
170	32
170	35
170	48
170	52
170	56
170	59
170	72
170	76
170	80
170	83
170	266
171	1
171	5
171	8
171	33
171	36
171	49
171	53
171	57
171	60
171	73
171	77
171	81
171	84
171	267
172	2
172	6
172	9
172	34
172	37
172	50
172	54
172	58
172	61
172	74
172	78
172	82
172	85
172	268
173	3
173	7
173	10
173	35
173	38
173	51
173	55
173	59
173	62
173	75
173	79
173	83
173	86
173	269
174	4
174	8
174	11
174	36
174	39
174	52
174	56
174	60
174	63
174	76
174	80
174	84
174	87
174	270
175	5
175	9
175	12
175	37
175	40
175	53
175	57
175	61
175	64
175	77
175	81
175	85
175	88
175	271
176	6
176	10
176	13
176	38
176	41
176	54
176	58
176	62
176	65
176	78
176	82
176	86
176	89
176	272
177	7
177	11
177	14
177	39
177	42
177	55
177	59
177	63
177	66
177	79
177	83
177	87
177	90
177	273
178	8
178	12
178	15
178	40
178	43
178	56
178	60
178	64
178	67
178	80
178	84
178	88
178	91
178	274
179	9
179	13
179	16
179	41
179	44
179	57
179	61
179	65
179	68
179	81
179	85
179	89
179	92
179	275
180	10
180	14
180	17
180	42
180	45
180	58
180	62
180	66
180	69
180	82
180	86
180	90
180	93
180	276
181	11
181	15
181	18
181	43
181	46
181	59
181	63
181	67
181	70
181	83
181	87
181	91
181	94
181	277
182	12
182	16
182	19
182	44
182	47
182	60
182	64
182	68
182	71
182	84
182	88
182	92
182	95
182	278
183	13
183	17
183	20
183	24
183	45
183	48
183	61
183	65
183	69
183	72
183	85
183	89
183	93
183	279
184	14
184	18
184	21
184	25
184	46
184	49
184	62
184	66
184	70
184	73
184	86
184	90
184	94
184	280
185	15
185	19
185	22
185	26
185	47
185	50
185	63
185	67
185	71
185	74
185	87
185	91
185	95
185	281
186	16
186	20
186	23
186	24
186	27
186	48
186	51
186	64
186	68
186	72
186	75
186	88
186	92
186	282
187	0
187	17
187	21
187	25
187	28
187	49
187	52
187	65
187	69
187	73
187	76
187	89
187	93
187	283
188	1
188	18
188	22
188	26
188	29
188	50
188	53
188	66
188	70
188	74
188	77
188	90
188	94
188	284
189	2
189	19
189	23
189	27
189	30
189	51
189	54
189	67
189	71
189	75
189	78
189	91
189	95
189	285
190	0
190	3
190	20
190	28
190	31
190	48
190	52
190	55
190	68
190	72
190	76
190	79
190	92
190	286
191	1
191	4
191	21
191	29
191	32
191	49
191	53
191	56
191	69
191	73
191	77
191	80
191	93
191	287
192	3
192	13
192	17
192	22
192	26
192	27
192	31
192	41
192	45
192	50
192	55
192	69
192	70
192	74
192	79
192	89
192	93
192	94
192	288
193	4
193	14
193	18
193	23
193	27
193	28
193	32
193	42
193	46
193	51
193	56
193	70
193	71
193	75
193	80
193	90
193	94
193	95
193	289
194	0
194	5
194	15
194	19
194	28
194	29
194	33
194	43
194	47
194	48
194	52
194	57
194	71
194	72
194	76
194	81
194	91
194	95
194	290
195	1
195	6
195	16
195	20
195	24
195	29
195	30
195	34
195	44
195	48
195	49
195	53
195	58
195	72
195	73
195	77
195	82
195	92
195	291
196	2
196	7
196	17
196	21
196	25
196	30
196	31
196	35
196	45
196	49
196	50
196	54
196	59
196	73
196	74
196	78
196	83
196	93
196	292
197	3
197	8
197	18
197	22
197	26
197	31
197	32
197	36
197	46
197	50
197	51
197	55
197	60
197	74
197	75
197	79
197	84
197	94
197	293
198	4
198	9
198	19
198	23
198	27
198	32
198	33
198	37
198	47
198	51
198	52
198	56
198	61
198	75
198	76
198	80
198	85
198	95
198	294
199	0
199	5
199	10
199	20
199	24
199	28
199	33
199	34
199	38
199	52
199	53
199	57
199	62
199	72
199	76
199	77
199	81
199	86
199	295
200	1
200	6
200	11
200	21
200	25
200	29
200	34
200	35
200	39
200	53
200	54
200	58
200	63
200	73
200	77
200	78
200	82
200	87
200	296
201	2
201	7
201	12
201	22
201	26
201	30
201	35
201	36
201	40
201	54
201	55
201	59
201	64
201	74
201	78
201	79
201	83
201	88
201	297
202	3
202	8
202	13
202	23
202	27
202	31
202	36
202	37
202	41
202	55
202	56
202	60
202	65
202	75
202	79
202	80
202	84
202	89
202	298
203	0
203	4
203	9
203	14
203	28
203	32
203	37
203	38
203	42
203	56
203	57
203	61
203	66
203	76
203	80
203	81
203	85
203	90
203	299
204	1
204	5
204	10
204	15
204	29
204	33
204	38
204	39
204	43
204	57
204	58
204	62
204	67
204	77
204	81
204	82
204	86
204	91
204	300
205	2
205	6
205	11
205	16
205	30
205	34
205	39
205	40
205	44
205	58
205	59
205	63
205	68
205	78
205	82
205	83
205	87
205	92
205	301
206	3
206	7
206	12
206	17
206	31
206	35
206	40
206	41
206	45
206	59
206	60
206	64
206	69
206	79
206	83
206	84
206	88
206	93
206	302
207	4
207	8
207	13
207	18
207	32
207	36
207	41
207	42
207	46
207	60
207	61
207	65
207	70
207	80
207	84
207	85
207	89
207	94
207	303
208	5
208	9
208	14
208	19
208	33
208	37
208	42
208	43
208	47
208	61
208	62
208	66
208	71
208	81
208	85
208	86
208	90
208	95
208	304
209	6
209	10
209	15
209	20
209	24
209	34
209	38
209	43
209	44
209	48
209	62
209	63
209	67
209	72
209	82
209	86
209	87
209	91
209	305
210	7
210	11
210	16
210	21
210	25
210	35
210	39
210	44
210	45
210	49
210	63
210	64
210	68
210	73
210	83
210	87
210	88
210	92
210	306
211	8
211	12
211	17
211	22
211	26
211	36
211	40
211	45
211	46
211	50
211	64
211	65
211	69
211	74
211	84
211	88
211	89
211	93
211	307
212	9
212	13
212	18
212	23
212	27
212	37
212	41
212	46
212	47
212	51
212	65
212	66
212	70
212	75
212	85
212	89
212	90
212	94
212	308
213	0
213	10
213	14
213	19
213	24
213	28
213	38
213	42
213	47
213	52
213	66
213	67
213	71
213	76
213	86
213	90
213	91
213	95
213	309
214	1
214	11
214	15
214	20
214	24
214	25
214	29
214	39
214	43
214	48
214	53
214	67
214	68
214	72
214	77
214	87
214	91
214	92
214	310
215	2
215	12
215	16
215	21
215	25
215	26
215	30
215	40
215	44
215	49
215	54
215	68
215	69
215	73
215	78
215	88
215	92
215	93
215	311
216	18
216	19
216	22
216	26
216	47
216	50
216	66
216	67
216	70
216	71
216	74
216	91
216	94
216	95
216	312
217	19
217	20
217	23
217	24
217	27
217	48
217	51
217	67
217	68
217	71
217	72
217	75
217	92
217	95
217	313
218	0
218	20
218	21
218	25
218	28
218	48
218	49
218	52
218	68
218	69
218	72
218	73
218	76
218	93
218	314
219	1
219	21
219	22
219	26
219	29
219	49
219	50
219	53
219	69
219	70
219	73
219	74
219	77
219	94
219	315
220	2
220	22
220	23
220	27
220	30
220	50
220	51
220	54
220	70
220	71
220	74
220	75
220	78
220	95
220	316
221	0
221	3
221	23
221	28
221	31
221	48
221	51
221	52
221	55
221	71
221	72
221	75
221	76
221	79
221	317
222	0
222	1
222	4
222	29
222	32
222	48
222	49
222	52
222	53
222	56
222	73
222	76
222	77
222	80
222	318
223	1
223	2
223	5
223	30
223	33
223	49
223	50
223	53
223	54
223	57
223	74
223	77
223	78
223	81
223	319
224	2
224	3
224	6
224	31
224	34
224	50
224	51
224	54
224	55
224	58
224	75
224	78
224	79
224	82
224	320
225	3
225	4
225	7
225	32
225	35
225	51
225	52
225	55
225	56
225	59
225	76
225	79
225	80
225	83
225	321
226	4
226	5
226	8
226	33
226	36
226	52
226	53
226	56
226	57
226	60
226	77
226	80
226	81
226	84
226	322
227	5
227	6
227	9
227	34
227	37
227	53
227	54
227	57
227	58
227	61
227	78
227	81
227	82
227	85
227	323
228	6
228	7
228	10
228	35
228	38
228	54
228	55
228	58
228	59
228	62
228	79
228	82
228	83
228	86
228	324
229	7
229	8
229	11
229	36
229	39
229	55
229	56
229	59
229	60
229	63
229	80
229	83
229	84
229	87
229	325
230	8
230	9
230	12
230	37
230	40
230	56
230	57
230	60
230	61
230	64
230	81
230	84
230	85
230	88
230	326
231	9
231	10
231	13
231	38
231	41
231	57
231	58
231	61
231	62
231	65
231	82
231	85
231	86
231	89
231	327
232	10
232	11
232	14
232	39
232	42
232	58
232	59
232	62
232	63
232	66
232	83
232	86
232	87
232	90
232	328
233	11
233	12
233	15
233	40
233	43
233	59
233	60
233	63
233	64
233	67
233	84
233	87
233	88
233	91
233	329
234	12
234	13
234	16
234	41
234	44
234	60
234	61
234	64
234	65
234	68
234	85
234	88
234	89
234	92
234	330
235	13
235	14
235	17
235	42
235	45
235	61
235	62
235	65
235	66
235	69
235	86
235	89
235	90
235	93
235	331
236	14
236	15
236	18
236	43
236	46
236	62
236	63
236	66
236	67
236	70
236	87
236	90
236	91
236	94
236	332
237	15
237	16
237	19
237	44
237	47
237	63
237	64
237	67
237	68
237	71
237	88
237	91
237	92
237	95
237	333
238	16
238	17
238	20
238	24
238	45
238	48
238	64
238	65
238	68
238	69
238	72
238	89
238	92
238	93
238	334
239	17
239	18
239	21
239	25
239	46
239	49
239	65
239	66
239	69
239	70
239	73
239	90
239	93
239	94
239	335
240	2
240	3
240	11
240	14
240	27
240	30
240	31
240	39
240	42
240	50
240	54
240	55
240	59
240	63
240	66
240	78
240	79
240	83
240	87
240	90
240	336
241	3
241	4
241	12
241	15
241	28
241	31
241	32
241	40
241	43
241	51
241	55
241	56
241	60
241	64
241	67
241	79
241	80
241	84
241	88
241	91
241	337
242	4
242	5
242	13
242	16
242	29
242	32
242	33
242	41
242	44
242	52
242	56
242	57
242	61
242	65
242	68
242	80
242	81
242	85
242	89
242	92
242	338
243	5
243	6
243	14
243	17
243	30
243	33
243	34
243	42
243	45
243	53
243	57
243	58
243	62
243	66
243	69
243	81
243	82
243	86
243	90
243	93
243	339
244	6
244	7
244	15
244	18
244	31
244	34
244	35
244	43
244	46
244	54
244	58
244	59
244	63
244	67
244	70
244	82
244	83
244	87
244	91
244	94
244	340
245	7
245	8
245	16
245	19
245	32
245	35
245	36
245	44
245	47
245	55
245	59
245	60
245	64
245	68
245	71
245	83
245	84
245	88
245	92
245	95
245	341
246	8
246	9
246	17
246	20
246	24
246	33
246	36
246	37
246	45
246	48
246	56
246	60
246	61
246	65
246	69
246	72
246	84
246	85
246	89
246	93
246	342
247	9
247	10
247	18
247	21
247	25
247	34
247	37
247	38
247	46
247	49
247	57
247	61
247	62
247	66
247	70
247	73
247	85
247	86
247	90
247	94
247	343
248	10
248	11
248	19
248	22
248	26
248	35
248	38
248	39
248	47
248	50
248	58
248	62
248	63
248	67
248	71
248	74
248	86
248	87
248	91
248	95
248	344
249	11
249	12
249	20
249	23
249	24
249	27
249	36
249	39
249	40
249	48
249	51
249	59
249	63
249	64
249	68
249	72
249	75
249	87
249	88
249	92
249	345
250	0
250	12
250	13
250	21
250	25
250	28
250	37
250	40
250	41
250	49
250	52
250	60
250	64
250	65
250	69
250	73
250	76
250	88
250	89
250	93
250	346
251	1
251	13
251	14
251	22
251	26
251	29
251	38
251	41
251	42
251	50
251	53
251	61
251	65
251	66
251	70
251	74
251	77
251	89
251	90
251	94
251	347
252	2
252	14
252	15
252	23
252	27
252	30
252	39
252	42
252	43
252	51
252	54
252	62
252	66
252	67
252	71
252	75
252	78
252	90
252	91
252	95
252	348
253	0
253	3
253	15
253	16
253	28
253	31
253	40
253	43
253	44
253	48
253	52
253	55
253	63
253	67
253	68
253	72
253	76
253	79
253	91
253	92
253	349
254	1
254	4
254	16
254	17
254	29
254	32
254	41
254	44
254	45
254	49
254	53
254	56
254	64
254	68
254	69
254	73
254	77
254	80
254	92
254	93
254	350
255	2
255	5
255	17
255	18
255	30
255	33
255	42
255	45
255	46
255	50
255	54
255	57
255	65
255	69
255	70
255	74
255	78
255	81
255	93
255	94
255	351
256	3
256	6
256	18
256	19
256	31
256	34
256	43
256	46
256	47
256	51
256	55
256	58
256	66
256	70
256	71
256	75
256	79
256	82
256	94
256	95
256	352
257	4
257	7
257	19
257	20
257	24
257	32
257	35
257	44
257	47
257	48
257	52
257	56
257	59
257	67
257	71
257	72
257	76
257	80
257	83
257	95
257	353
258	5
258	8
258	20
258	21
258	24
258	25
258	33
258	36
258	45
258	48
258	49
258	53
258	57
258	60
258	68
258	72
258	73
258	77
258	81
258	84
258	354
259	6
259	9
259	21
259	22
259	25
259	26
259	34
259	37
259	46
259	49
259	50
259	54
259	58
259	61
259	69
259	73
259	74
259	78
259	82
259	85
259	355
260	7
260	10
260	22
260	23
260	26
260	27
260	35
260	38
260	47
260	50
260	51
260	55
260	59
260	62
260	70
260	74
260	75
260	79
260	83
260	86
260	356
261	0
261	8
261	11
261	23
261	24
261	27
261	28
261	36
261	39
261	51
261	52
261	56
261	60
261	63
261	71
261	75
261	76
261	80
261	84
261	87
261	357
262	0
262	1
262	9
262	12
262	25
262	28
262	29
262	37
262	40
262	48
262	52
262	53
262	57
262	61
262	64
262	76
262	77
262	81
262	85
262	88
262	358
263	1
263	2
263	10
263	13
263	26
263	29
263	30
263	38
263	41
263	49
263	53
263	54
263	58
263	62
263	65
263	77
263	78
263	82
263	86
263	89
263	359
264	2
264	9
264	11
264	19
264	30
264	35
264	37
264	39
264	47
264	50
264	54
264	57
264	61
264	63
264	71
264	74
264	78
264	85
264	87
264	95
264	360
265	3
265	10
265	12
265	20
265	24
265	31
265	36
265	38
265	40
265	48
265	51
265	55
265	58
265	62
265	64
265	72
265	75
265	79
265	86
265	88
265	361
266	4
266	11
266	13
266	21
266	25
266	32
266	37
266	39
266	41
266	49
266	52
266	56
266	59
266	63
266	65
266	73
266	76
266	80
266	87
266	89
266	362
267	5
267	12
267	14
267	22
267	26
267	33
267	38
267	40
267	42
267	50
267	53
267	57
267	60
267	64
267	66
267	74
267	77
267	81
267	88
267	90
267	363
268	6
268	13
268	15
268	23
268	27
268	34
268	39
268	41
268	43
268	51
268	54
268	58
268	61
268	65
268	67
268	75
268	78
268	82
268	89
268	91
268	364
269	0
269	7
269	14
269	16
269	28
269	35
269	40
269	42
269	44
269	52
269	55
269	59
269	62
269	66
269	68
269	76
269	79
269	83
269	90
269	92
269	365
270	1
270	8
270	15
270	17
270	29
270	36
270	41
270	43
270	45
270	53
270	56
270	60
270	63
270	67
270	69
270	77
270	80
270	84
270	91
270	93
270	366
271	2
271	9
271	16
271	18
271	30
271	37
271	42
271	44
271	46
271	54
271	57
271	61
271	64
271	68
271	70
271	78
271	81
271	85
271	92
271	94
271	367
272	3
272	10
272	17
272	19
272	31
272	38
272	43
272	45
272	47
272	55
272	58
272	62
272	65
272	69
272	71
272	79
272	82
272	86
272	93
272	95
272	368
273	4
273	11
273	18
273	20
273	24
273	32
273	39
273	44
273	46
273	48
273	56
273	59
273	63
273	66
273	70
273	72
273	80
273	83
273	87
273	94
273	369
274	5
274	12
274	19
274	21
274	25
274	33
274	40
274	45
274	47
274	49
274	57
274	60
274	64
274	67
274	71
274	73
274	81
274	84
274	88
274	95
274	370
275	6
275	13
275	20
275	22
275	24
275	26
275	34
275	41
275	46
275	48
275	50
275	58
275	61
275	65
275	68
275	72
275	74
275	82
275	85
275	89
275	371
276	7
276	14
276	21
276	23
276	25
276	27
276	35
276	42
276	47
276	49
276	51
276	59
276	62
276	66
276	69
276	73
276	75
276	83
276	86
276	90
276	372
277	0
277	8
277	15
277	22
277	24
277	26
277	28
277	36
277	43
277	50
277	52
277	60
277	63
277	67
277	70
277	74
277	76
277	84
277	87
277	91
277	373
278	1
278	9
278	16
278	23
278	25
278	27
278	29
278	37
278	44
278	51
278	53
278	61
278	64
278	68
278	71
278	75
278	77
278	85
278	88
278	92
278	374
279	0
279	2
279	10
279	17
279	26
279	28
279	30
279	38
279	45
279	48
279	52
279	54
279	62
279	65
279	69
279	76
279	78
279	86
279	89
279	93
279	375
280	1
280	3
280	11
280	18
280	27
280	29
280	31
280	39
280	46
280	49
280	53
280	55
280	63
280	66
280	70
280	77
280	79
280	87
280	90
280	94
280	376
281	2
281	4
281	12
281	19
281	28
281	30
281	32
281	40
281	47
281	50
281	54
281	56
281	64
281	67
281	71
281	78
281	80
281	88
281	91
281	95
281	377
282	3
282	5
282	13
282	20
282	24
282	29
282	31
282	33
282	41
282	48
282	51
282	55
282	57
282	65
282	68
282	72
282	79
282	81
282	89
282	92
282	378
283	4
283	6
283	14
283	21
283	25
283	30
283	32
283	34
283	42
283	49
283	52
283	56
283	58
283	66
283	69
283	73
283	80
283	82
283	90
283	93
283	379
284	5
284	7
284	15
284	22
284	26
284	31
284	33
284	35
284	43
284	50
284	53
284	57
284	59
284	67
284	70
284	74
284	81
284	83
284	91
284	94
284	380
285	6
285	8
285	16
285	23
285	27
285	32
285	34
285	36
285	44
285	51
285	54
285	58
285	60
285	68
285	71
285	75
285	82
285	84
285	92
285	95
285	381
286	0
286	7
286	9
286	17
286	28
286	33
286	35
286	37
286	45
286	48
286	52
286	55
286	59
286	61
286	69
286	72
286	76
286	83
286	85
286	93
286	382
287	1
287	8
287	10
287	18
287	29
287	34
287	36
287	38
287	46
287	49
287	53
287	56
287	60
287	62
287	70
287	73
287	77
287	84
287	86
287	94
287	383
288	17
288	21
288	25
288	28
288	45
288	49
288	52
288	65
288	69
288	73
288	89
288	93
288	384
289	18
289	22
289	26
289	29
289	46
289	50
289	53
289	66
289	70
289	74
289	90
289	94
289	385
290	19
290	23
290	27
290	30
290	47
290	51
290	54
290	67
290	71
290	75
290	91
290	95
290	386
291	0
291	20
291	24
291	28
291	31
291	48
291	52
291	55
291	68
291	72
291	76
291	92
291	387
292	1
292	21
292	25
292	29
292	32
292	49
292	53
292	56
292	69
292	73
292	77
292	93
292	388
293	2
293	22
293	26
293	30
293	33
293	50
293	54
293	57
293	70
293	74
293	78
293	94
293	389
294	3
294	23
294	27
294	31
294	34
294	51
294	55
294	58
294	71
294	75
294	79
294	95
294	390
295	0
295	4
295	28
295	32
295	35
295	48
295	52
295	56
295	59
295	72
295	76
295	80
295	391
296	1
296	5
296	29
296	33
296	36
296	49
296	53
296	57
296	60
296	73
296	77
296	81
296	392
297	2
297	6
297	30
297	34
297	37
297	50
297	54
297	58
297	61
297	74
297	78
297	82
297	393
298	3
298	7
298	31
298	35
298	38
298	51
298	55
298	59
298	62
298	75
298	79
298	83
298	394
299	4
299	8
299	32
299	36
299	39
299	52
299	56
299	60
299	63
299	76
299	80
299	84
299	395
300	5
300	9
300	33
300	37
300	40
300	53
300	57
300	61
300	64
300	77
300	81
300	85
300	396
301	6
301	10
301	34
301	38
301	41
301	54
301	58
301	62
301	65
301	78
301	82
301	86
301	397
302	7
302	11
302	35
302	39
302	42
302	55
302	59
302	63
302	66
302	79
302	83
302	87
302	398
303	8
303	12
303	36
303	40
303	43
303	56
303	60
303	64
303	67
303	80
303	84
303	88
303	399
304	9
304	13
304	37
304	41
304	44
304	57
304	61
304	65
304	68
304	81
304	85
304	89
304	400
305	10
305	14
305	38
305	42
305	45
305	58
305	62
305	66
305	69
305	82
305	86
305	90
305	401
306	11
306	15
306	39
306	43
306	46
306	59
306	63
306	67
306	70
306	83
306	87
306	91
306	402
307	12
307	16
307	40
307	44
307	47
307	60
307	64
307	68
307	71
307	84
307	88
307	92
307	403
308	13
308	17
308	24
308	41
308	45
308	48
308	61
308	65
308	69
308	85
308	89
308	93
308	404
309	14
309	18
309	25
309	42
309	46
309	49
309	62
309	66
309	70
309	86
309	90
309	94
309	405
310	15
310	19
310	26
310	43
310	47
310	50
310	63
310	67
310	71
310	87
310	91
310	95
310	406
311	16
311	20
311	24
311	27
311	44
311	48
311	51
311	64
311	68
311	72
311	88
311	92
311	407
312	1
312	7
312	16
312	22
312	26
312	29
312	35
312	40
312	44
312	49
312	50
312	53
312	59
312	68
312	70
312	73
312	74
312	77
312	83
312	92
312	408
313	2
313	8
313	17
313	23
313	27
313	30
313	36
313	41
313	45
313	50
313	51
313	54
313	60
313	69
313	71
313	74
313	75
313	78
313	84
313	93
313	409
314	0
314	3
314	9
314	18
314	28
314	31
314	37
314	42
314	46
314	48
314	51
314	52
314	55
314	61
314	70
314	75
314	76
314	79
314	85
314	94
314	410
315	1
315	4
315	10
315	19
315	29
315	32
315	38
315	43
315	47
315	49
315	52
315	53
315	56
315	62
315	71
315	76
315	77
315	80
315	86
315	95
315	411
316	2
316	5
316	11
316	20
316	24
316	30
316	33
316	39
316	44
316	48
316	50
316	53
316	54
316	57
316	63
316	72
316	77
316	78
316	81
316	87
316	412
317	3
317	6
317	12
317	21
317	25
317	31
317	34
317	40
317	45
317	49
317	51
317	54
317	55
317	58
317	64
317	73
317	78
317	79
317	82
317	88
317	413
318	4
318	7
318	13
318	22
318	26
318	32
318	35
318	41
318	46
318	50
318	52
318	55
318	56
318	59
318	65
318	74
318	79
318	80
318	83
318	89
318	414
319	5
319	8
319	14
319	23
319	27
319	33
319	36
319	42
319	47
319	51
319	53
319	56
319	57
319	60
319	66
319	75
319	80
319	81
319	84
319	90
319	415
320	0
320	6
320	9
320	15
320	24
320	28
320	34
320	37
320	43
320	52
320	54
320	57
320	58
320	61
320	67
320	76
320	81
320	82
320	85
320	91
320	416
321	1
321	7
321	10
321	16
321	25
321	29
321	35
321	38
321	44
321	53
321	55
321	58
321	59
321	62
321	68
321	77
321	82
321	83
321	86
321	92
321	417
322	2
322	8
322	11
322	17
322	26
322	30
322	36
322	39
322	45
322	54
322	56
322	59
322	60
322	63
322	69
322	78
322	83
322	84
322	87
322	93
322	418
323	3
323	9
323	12
323	18
323	27
323	31
323	37
323	40
323	46
323	55
323	57
323	60
323	61
323	64
323	70
323	79
323	84
323	85
323	88
323	94
323	419
324	4
324	10
324	13
324	19
324	28
324	32
324	38
324	41
324	47
324	56
324	58
324	61
324	62
324	65
324	71
324	80
324	85
324	86
324	89
324	95
324	420
325	5
325	11
325	14
325	20
325	24
325	29
325	33
325	39
325	42
325	48
325	57
325	59
325	62
325	63
325	66
325	72
325	81
325	86
325	87
325	90
325	421
326	6
326	12
326	15
326	21
326	25
326	30
326	34
326	40
326	43
326	49
326	58
326	60
326	63
326	64
326	67
326	73
326	82
326	87
326	88
326	91
326	422
327	7
327	13
327	16
327	22
327	26
327	31
327	35
327	41
327	44
327	50
327	59
327	61
327	64
327	65
327	68
327	74
327	83
327	88
327	89
327	92
327	423
328	8
328	14
328	17
328	23
328	27
328	32
328	36
328	42
328	45
328	51
328	60
328	62
328	65
328	66
328	69
328	75
328	84
328	89
328	90
328	93
328	424
329	0
329	9
329	15
329	18
329	28
329	33
329	37
329	43
329	46
329	52
329	61
329	63
329	66
329	67
329	70
329	76
329	85
329	90
329	91
329	94
329	425
330	1
330	10
330	16
330	19
330	29
330	34
330	38
330	44
330	47
330	53
330	62
330	64
330	67
330	68
330	71
330	77
330	86
330	91
330	92
330	95
330	426
331	2
331	11
331	17
331	20
331	24
331	30
331	35
331	39
331	45
331	48
331	54
331	63
331	65
331	68
331	69
331	72
331	78
331	87
331	92
331	93
331	427
332	3
332	12
332	18
332	21
332	25
332	31
332	36
332	40
332	46
332	49
332	55
332	64
332	66
332	69
332	70
332	73
332	79
332	88
332	93
332	94
332	428
333	4
333	13
333	19
333	22
333	26
333	32
333	37
333	41
333	47
333	50
333	56
333	65
333	67
333	70
333	71
333	74
333	80
333	89
333	94
333	95
333	429
334	5
334	14
334	20
334	23
334	24
334	27
334	33
334	38
334	42
334	48
334	51
334	57
334	66
334	68
334	71
334	72
334	75
334	81
334	90
334	95
334	430
335	0
335	6
335	15
335	21
335	25
335	28
335	34
335	39
335	43
335	48
335	49
335	52
335	58
335	67
335	69
335	72
335	73
335	76
335	82
335	91
335	431
336	3
336	10
336	21
336	23
336	25
336	27
336	31
336	38
336	47
336	49
336	55
336	58
336	62
336	73
336	75
336	79
336	82
336	86
336	432
337	0
337	4
337	11
337	22
337	24
337	26
337	28
337	32
337	39
337	50
337	56
337	59
337	63
337	74
337	76
337	80
337	83
337	87
337	433
338	1
338	5
338	12
338	23
338	25
338	27
338	29
338	33
338	40
338	51
338	57
338	60
338	64
338	75
338	77
338	81
338	84
338	88
338	434
339	0
339	2
339	6
339	13
339	26
339	28
339	30
339	34
339	41
339	52
339	58
339	61
339	65
339	76
339	78
339	82
339	85
339	89
339	435
340	1
340	3
340	7
340	14
340	27
340	29
340	31
340	35
340	42
340	53
340	59
340	62
340	66
340	77
340	79
340	83
340	86
340	90
340	436
341	2
341	4
341	8
341	15
341	28
341	30
341	32
341	36
341	43
341	54
341	60
341	63
341	67
341	78
341	80
341	84
341	87
341	91
341	437
342	3
342	5
342	9
342	16
342	29
342	31
342	33
342	37
342	44
342	55
342	61
342	64
342	68
342	79
342	81
342	85
342	88
342	92
342	438
343	4
343	6
343	10
343	17
343	30
343	32
343	34
343	38
343	45
343	56
343	62
343	65
343	69
343	80
343	82
343	86
343	89
343	93
343	439
344	5
344	7
344	11
344	18
344	31
344	33
344	35
344	39
344	46
344	57
344	63
344	66
344	70
344	81
344	83
344	87
344	90
344	94
344	440
345	6
345	8
345	12
345	19
345	32
345	34
345	36
345	40
345	47
345	58
345	64
345	67
345	71
345	82
345	84
345	88
345	91
345	95
345	441
346	7
346	9
346	13
346	20
346	24
346	33
346	35
346	37
346	41
346	48
346	59
346	65
346	68
346	72
346	83
346	85
346	89
346	92
346	442
347	8
347	10
347	14
347	21
347	25
347	34
347	36
347	38
347	42
347	49
347	60
347	66
347	69
347	73
347	84
347	86
347	90
347	93
347	443
348	9
348	11
348	15
348	22
348	26
348	35
348	37
348	39
348	43
348	50
348	61
348	67
348	70
348	74
348	85
348	87
348	91
348	94
348	444
349	10
349	12
349	16
349	23
349	27
349	36
349	38
349	40
349	44
349	51
349	62
349	68
349	71
349	75
349	86
349	88
349	92
349	95
349	445
350	0
350	11
350	13
350	17
350	28
350	37
350	39
350	41
350	45
350	48
350	52
350	63
350	69
350	72
350	76
350	87
350	89
350	93
350	446
351	1
351	12
351	14
351	18
351	29
351	38
351	40
351	42
351	46
351	49
351	53
351	64
351	70
351	73
351	77
351	88
351	90
351	94
351	447
352	2
352	13
352	15
352	19
352	30
352	39
352	41
352	43
352	47
352	50
352	54
352	65
352	71
352	74
352	78
352	89
352	91
352	95
352	448
353	3
353	14
353	16
353	20
353	24
353	31
353	40
353	42
353	44
353	48
353	51
353	55
353	66
353	72
353	75
353	79
353	90
353	92
353	449
354	4
354	15
354	17
354	21
354	25
354	32
354	41
354	43
354	45
354	49
354	52
354	56
354	67
354	73
354	76
354	80
354	91
354	93
354	450
355	5
355	16
355	18
355	22
355	26
355	33
355	42
355	44
355	46
355	50
355	53
355	57
355	68
355	74
355	77
355	81
355	92
355	94
355	451
356	6
356	17
356	19
356	23
356	27
356	34
356	43
356	45
356	47
356	51
356	54
356	58
356	69
356	75
356	78
356	82
356	93
356	95
356	452
357	0
357	7
357	18
357	20
357	24
357	28
357	35
357	44
357	46
357	52
357	55
357	59
357	70
357	72
357	76
357	79
357	83
357	94
357	453
358	1
358	8
358	19
358	21
358	25
358	29
358	36
358	45
358	47
358	53
358	56
358	60
358	71
358	73
358	77
358	80
358	84
358	95
358	454
359	2
359	9
359	20
359	22
359	24
359	26
359	30
359	37
359	46
359	48
359	54
359	57
359	61
359	72
359	74
359	78
359	81
359	85
359	455
360	0
360	5
360	6
360	17
360	24
360	28
360	33
360	34
360	45
360	52
360	53
360	57
360	58
360	65
360	69
360	76
360	81
360	82
360	89
360	93
360	456
361	1
361	6
361	7
361	18
361	25
361	29
361	34
361	35
361	46
361	53
361	54
361	58
361	59
361	66
361	70
361	77
361	82
361	83
361	90
361	94
361	457
362	2
362	7
362	8
362	19
362	26
362	30
362	35
362	36
362	47
362	54
362	55
362	59
362	60
362	67
362	71
362	78
362	83
362	84
362	91
362	95
362	458
363	3
363	8
363	9
363	20
363	24
363	27
363	31
363	36
363	37
363	48
363	55
363	56
363	60
363	61
363	68
363	72
363	79
363	84
363	85
363	92
363	459
364	4
364	9
364	10
364	21
364	25
364	28
364	32
364	37
364	38
364	49
364	56
364	57
364	61
364	62
364	69
364	73
364	80
364	85
364	86
364	93
364	460
365	5
365	10
365	11
365	22
365	26
365	29
365	33
365	38
365	39
365	50
365	57
365	58
365	62
365	63
365	70
365	74
365	81
365	86
365	87
365	94
365	461
366	6
366	11
366	12
366	23
366	27
366	30
366	34
366	39
366	40
366	51
366	58
366	59
366	63
366	64
366	71
366	75
366	82
366	87
366	88
366	95
366	462
367	0
367	7
367	12
367	13
367	28
367	31
367	35
367	40
367	41
367	48
367	52
367	59
367	60
367	64
367	65
367	72
367	76
367	83
367	88
367	89
367	463
368	1
368	8
368	13
368	14
368	29
368	32
368	36
368	41
368	42
368	49
368	53
368	60
368	61
368	65
368	66
368	73
368	77
368	84
368	89
368	90
368	464
369	2
369	9
369	14
369	15
369	30
369	33
369	37
369	42
369	43
369	50
369	54
369	61
369	62
369	66
369	67
369	74
369	78
369	85
369	90
369	91
369	465
370	3
370	10
370	15
370	16
370	31
370	34
370	38
370	43
370	44
370	51
370	55
370	62
370	63
370	67
370	68
370	75
370	79
370	86
370	91
370	92
370	466
371	4
371	11
371	16
371	17
371	32
371	35
371	39
371	44
371	45
371	52
371	56
371	63
371	64
371	68
371	69
371	76
371	80
371	87
371	92
371	93
371	467
372	5
372	12
372	17
372	18
372	33
372	36
372	40
372	45
372	46
372	53
372	57
372	64
372	65
372	69
372	70
372	77
372	81
372	88
372	93
372	94
372	468
373	6
373	13
373	18
373	19
373	34
373	37
373	41
373	46
373	47
373	54
373	58
373	65
373	66
373	70
373	71
373	78
373	82
373	89
373	94
373	95
373	469
374	7
374	14
374	19
374	20
374	24
374	35
374	38
374	42
374	47
374	48
374	55
374	59
374	66
374	67
374	71
374	72
374	79
374	83
374	90
374	95
374	470
375	8
375	15
375	20
375	21
375	24
375	25
375	36
375	39
375	43
375	48
375	49
375	56
375	60
375	67
375	68
375	72
375	73
375	80
375	84
375	91
375	471
376	9
376	16
376	21
376	22
376	25
376	26
376	37
376	40
376	44
376	49
376	50
376	57
376	61
376	68
376	69
376	73
376	74
376	81
376	85
376	92
376	472
377	10
377	17
377	22
377	23
377	26
377	27
377	38
377	41
377	45
377	50
377	51
377	58
377	62
377	69
377	70
377	74
377	75
377	82
377	86
377	93
377	473
378	0
378	11
378	18
378	23
378	27
378	28
378	39
378	42
378	46
378	51
378	52
378	59
378	63
378	70
378	71
378	75
378	76
378	83
378	87
378	94
378	474
379	0
379	1
379	12
379	19
379	28
379	29
379	40
379	43
379	47
379	48
379	52
379	53
379	60
379	64
379	71
379	76
379	77
379	84
379	88
379	95
379	475
380	1
380	2
380	13
380	20
380	24
380	29
380	30
380	41
380	44
380	48
380	49
380	53
380	54
380	61
380	65
380	72
380	77
380	78
380	85
380	89
380	476
381	2
381	3
381	14
381	21
381	25
381	30
381	31
381	42
381	45
381	49
381	50
381	54
381	55
381	62
381	66
381	73
381	78
381	79
381	86
381	90
381	477
382	3
382	4
382	15
382	22
382	26
382	31
382	32
382	43
382	46
382	50
382	51
382	55
382	56
382	63
382	67
382	74
382	79
382	80
382	87
382	91
382	478
383	4
383	5
383	16
383	23
383	27
383	32
383	33
383	44
383	47
383	51
383	52
383	56
383	57
383	64
383	68
383	75
383	80
383	81
383	88
383	92
383	479
384	0
384	3
384	9
384	15
384	28
384	31
384	37
384	39
384	43
384	51
384	52
384	55
384	57
384	61
384	67
384	75
384	76
384	79
384	85
384	91
384	480
385	1
385	4
385	10
385	16
385	29
385	32
385	38
385	40
385	44
385	52
385	53
385	56
385	58
385	62
385	68
385	76
385	77
385	80
385	86
385	92
385	481
386	2
386	5
386	11
386	17
386	30
386	33
386	39
386	41
386	45
386	53
386	54
386	57
386	59
386	63
386	69
386	77
386	78
386	81
386	87
386	93
386	482
387	3
387	6
387	12
387	18
387	31
387	34
387	40
387	42
387	46
387	54
387	55
387	58
387	60
387	64
387	70
387	78
387	79
387	82
387	88
387	94
387	483
388	4
388	7
388	13
388	19
388	32
388	35
388	41
388	43
388	47
388	55
388	56
388	59
388	61
388	65
388	71
388	79
388	80
388	83
388	89
388	95
388	484
389	5
389	8
389	14
389	20
389	24
389	33
389	36
389	42
389	44
389	48
389	56
389	57
389	60
389	62
389	66
389	72
389	80
389	81
389	84
389	90
389	485
390	6
390	9
390	15
390	21
390	25
390	34
390	37
390	43
390	45
390	49
390	57
390	58
390	61
390	63
390	67
390	73
390	81
390	82
390	85
390	91
390	486
391	7
391	10
391	16
391	22
391	26
391	35
391	38
391	44
391	46
391	50
391	58
391	59
391	62
391	64
391	68
391	74
391	82
391	83
391	86
391	92
391	487
392	8
392	11
392	17
392	23
392	27
392	36
392	39
392	45
392	47
392	51
392	59
392	60
392	63
392	65
392	69
392	75
392	83
392	84
392	87
392	93
392	488
393	0
393	9
393	12
393	18
393	24
393	28
393	37
393	40
393	46
393	52
393	60
393	61
393	64
393	66
393	70
393	76
393	84
393	85
393	88
393	94
393	489
394	1
394	10
394	13
394	19
394	25
394	29
394	38
394	41
394	47
394	53
394	61
394	62
394	65
394	67
394	71
394	77
394	85
394	86
394	89
394	95
394	490
395	2
395	11
395	14
395	20
395	24
395	26
395	30
395	39
395	42
395	48
395	54
395	62
395	63
395	66
395	68
395	72
395	78
395	86
395	87
395	90
395	491
396	3
396	12
396	15
396	21
396	25
396	27
396	31
396	40
396	43
396	49
396	55
396	63
396	64
396	67
396	69
396	73
396	79
396	87
396	88
396	91
396	492
397	4
397	13
397	16
397	22
397	26
397	28
397	32
397	41
397	44
397	50
397	56
397	64
397	65
397	68
397	70
397	74
397	80
397	88
397	89
397	92
397	493
398	5
398	14
398	17
398	23
398	27
398	29
398	33
398	42
398	45
398	51
398	57
398	65
398	66
398	69
398	71
398	75
398	81
398	89
398	90
398	93
398	494
399	0
399	6
399	15
399	18
399	28
399	30
399	34
399	43
399	46
399	48
399	52
399	58
399	66
399	67
399	70
399	76
399	82
399	90
399	91
399	94
399	495
400	1
400	7
400	16
400	19
400	29
400	31
400	35
400	44
400	47
400	49
400	53
400	59
400	67
400	68
400	71
400	77
400	83
400	91
400	92
400	95
400	496
401	2
401	8
401	17
401	20
401	24
401	30
401	32
401	36
401	45
401	48
401	50
401	54
401	60
401	68
401	69
401	72
401	78
401	84
401	92
401	93
401	497
402	3
402	9
402	18
402	21
402	25
402	31
402	33
402	37
402	46
402	49
402	51
402	55
402	61
402	69
402	70
402	73
402	79
402	85
402	93
402	94
402	498
403	4
403	10
403	19
403	22
403	26
403	32
403	34
403	38
403	47
403	50
403	52
403	56
403	62
403	70
403	71
403	74
403	80
403	86
403	94
403	95
403	499
404	5
404	11
404	20
404	23
404	24
404	27
404	33
404	35
404	39
404	48
404	51
404	53
404	57
404	63
404	71
404	72
404	75
404	81
404	87
404	95
404	500
405	0
405	6
405	12
405	21
405	25
405	28
405	34
405	36
405	40
405	48
405	49
405	52
405	54
405	58
405	64
405	72
405	73
405	76
405	82
405	88
405	501
406	1
406	7
406	13
406	22
406	26
406	29
406	35
406	37
406	41
406	49
406	50
406	53
406	55
406	59
406	65
406	73
406	74
406	77
406	83
406	89
406	502
407	2
407	8
407	14
407	23
407	27
407	30
407	36
407	38
407	42
407	50
407	51
407	54
407	56
407	60
407	66
407	74
407	75
407	78
407	84
407	90
407	503
408	1
408	2
408	13
408	19
408	29
408	30
408	41
408	43
408	47
408	49
408	50
408	53
408	54
408	65
408	71
408	73
408	77
408	78
408	89
408	95
408	504
409	2
409	3
409	14
409	20
409	24
409	30
409	31
409	42
409	44
409	48
409	50
409	51
409	54
409	55
409	66
409	72
409	74
409	78
409	79
409	90
409	505
410	3
410	4
410	15
410	21
410	25
410	31
410	32
410	43
410	45
410	49
410	51
410	52
410	55
410	56
410	67
410	73
410	75
410	79
410	80
410	91
410	506
411	4
411	5
411	16
411	22
411	26
411	32
411	33
411	44
411	46
411	50
411	52
411	53
411	56
411	57
411	68
411	74
411	76
411	80
411	81
411	92
411	507
412	5
412	6
412	17
412	23
412	27
412	33
412	34
412	45
412	47
412	51
412	53
412	54
412	57
412	58
412	69
412	75
412	77
412	81
412	82
412	93
412	508
413	0
413	6
413	7
413	18
413	24
413	28
413	34
413	35
413	46
413	52
413	54
413	55
413	58
413	59
413	70
413	76
413	78
413	82
413	83
413	94
413	509
414	1
414	7
414	8
414	19
414	25
414	29
414	35
414	36
414	47
414	53
414	55
414	56
414	59
414	60
414	71
414	77
414	79
414	83
414	84
414	95
414	510
415	2
415	8
415	9
415	20
415	24
415	26
415	30
415	36
415	37
415	48
415	54
415	56
415	57
415	60
415	61
415	72
415	78
415	80
415	84
415	85
415	511
416	3
416	9
416	10
416	21
416	25
416	27
416	31
416	37
416	38
416	49
416	55
416	57
416	58
416	61
416	62
416	73
416	79
416	81
416	85
416	86
416	512
417	4
417	10
417	11
417	22
417	26
417	28
417	32
417	38
417	39
417	50
417	56
417	58
417	59
417	62
417	63
417	74
417	80
417	82
417	86
417	87
417	513
418	5
418	11
418	12
418	23
418	27
418	29
418	33
418	39
418	40
418	51
418	57
418	59
418	60
418	63
418	64
418	75
418	81
418	83
418	87
418	88
418	514
419	0
419	6
419	12
419	13
419	28
419	30
419	34
419	40
419	41
419	52
419	58
419	60
419	61
419	64
419	65
419	76
419	82
419	84
419	88
419	89
419	515
420	1
420	7
420	13
420	14
420	29
420	31
420	35
420	41
420	42
420	53
420	59
420	61
420	62
420	65
420	66
420	77
420	83
420	85
420	89
420	90
420	516
421	2
421	8
421	14
421	15
421	30
421	32
421	36
421	42
421	43
421	54
421	60
421	62
421	63
421	66
421	67
421	78
421	84
421	86
421	90
421	91
421	517
422	3
422	9
422	15
422	16
422	31
422	33
422	37
422	43
422	44
422	55
422	61
422	63
422	64
422	67
422	68
422	79
422	85
422	87
422	91
422	92
422	518
423	4
423	10
423	16
423	17
423	32
423	34
423	38
423	44
423	45
423	56
423	62
423	64
423	65
423	68
423	69
423	80
423	86
423	88
423	92
423	93
423	519
424	5
424	11
424	17
424	18
424	33
424	35
424	39
424	45
424	46
424	57
424	63
424	65
424	66
424	69
424	70
424	81
424	87
424	89
424	93
424	94
424	520
425	6
425	12
425	18
425	19
425	34
425	36
425	40
425	46
425	47
425	58
425	64
425	66
425	67
425	70
425	71
425	82
425	88
425	90
425	94
425	95
425	521
426	7
426	13
426	19
426	20
426	24
426	35
426	37
426	41
426	47
426	48
426	59
426	65
426	67
426	68
426	71
426	72
426	83
426	89
426	91
426	95
426	522
427	8
427	14
427	20
427	21
427	24
427	25
427	36
427	38
427	42
427	48
427	49
427	60
427	66
427	68
427	69
427	72
427	73
427	84
427	90
427	92
427	523
428	9
428	15
428	21
428	22
428	25
428	26
428	37
428	39
428	43
428	49
428	50
428	61
428	67
428	69
428	70
428	73
428	74
428	85
428	91
428	93
428	524
429	10
429	16
429	22
429	23
429	26
429	27
429	38
429	40
429	44
429	50
429	51
429	62
429	68
429	70
429	71
429	74
429	75
429	86
429	92
429	94
429	525
430	0
430	11
430	17
430	23
430	27
430	28
430	39
430	41
430	45
430	48
430	51
430	52
430	63
430	69
430	71
430	75
430	76
430	87
430	93
430	95
430	526
431	0
431	1
431	12
431	18
431	28
431	29
431	40
431	42
431	46
431	48
431	49
431	52
431	53
431	64
431	70
431	72
431	76
431	77
431	88
431	94
431	527
432	8
432	12
432	22
432	23
432	26
432	27
432	36
432	40
432	47
432	50
432	51
432	56
432	60
432	64
432	70
432	74
432	75
432	84
432	88
432	94
432	528
433	0
433	9
433	13
433	23
433	24
433	27
433	28
433	37
433	41
433	51
433	52
433	57
433	61
433	65
433	71
433	75
433	76
433	85
433	89
433	95
433	529
434	0
434	1
434	10
434	14
434	25
434	28
434	29
434	38
434	42
434	48
434	52
434	53
434	58
434	62
434	66
434	72
434	76
434	77
434	86
434	90
434	530
435	1
435	2
435	11
435	15
435	26
435	29
435	30
435	39
435	43
435	49
435	53
435	54
435	59
435	63
435	67
435	73
435	77
435	78
435	87
435	91
435	531
436	2
436	3
436	12
436	16
436	27
436	30
436	31
436	40
436	44
436	50
436	54
436	55
436	60
436	64
436	68
436	74
436	78
436	79
436	88
436	92
436	532
437	3
437	4
437	13
437	17
437	28
437	31
437	32
437	41
437	45
437	51
437	55
437	56
437	61
437	65
437	69
437	75
437	79
437	80
437	89
437	93
437	533
438	4
438	5
438	14
438	18
438	29
438	32
438	33
438	42
438	46
438	52
438	56
438	57
438	62
438	66
438	70
438	76
438	80
438	81
438	90
438	94
438	534
439	5
439	6
439	15
439	19
439	30
439	33
439	34
439	43
439	47
439	53
439	57
439	58
439	63
439	67
439	71
439	77
439	81
439	82
439	91
439	95
439	535
440	6
440	7
440	16
440	20
440	24
440	31
440	34
440	35
440	44
440	48
440	54
440	58
440	59
440	64
440	68
440	72
440	78
440	82
440	83
440	92
440	536
441	7
441	8
441	17
441	21
441	25
441	32
441	35
441	36
441	45
441	49
441	55
441	59
441	60
441	65
441	69
441	73
441	79
441	83
441	84
441	93
441	537
442	8
442	9
442	18
442	22
442	26
442	33
442	36
442	37
442	46
442	50
442	56
442	60
442	61
442	66
442	70
442	74
442	80
442	84
442	85
442	94
442	538
443	9
443	10
443	19
443	23
443	27
443	34
443	37
443	38
443	47
443	51
443	57
443	61
443	62
443	67
443	71
443	75
443	81
443	85
443	86
443	95
443	539
444	0
444	10
444	11
444	20
444	24
444	28
444	35
444	38
444	39
444	48
444	52
444	58
444	62
444	63
444	68
444	72
444	76
444	82
444	86
444	87
444	540
445	1
445	11
445	12
445	21
445	25
445	29
445	36
445	39
445	40
445	49
445	53
445	59
445	63
445	64
445	69
445	73
445	77
445	83
445	87
445	88
445	541
446	2
446	12
446	13
446	22
446	26
446	30
446	37
446	40
446	41
446	50
446	54
446	60
446	64
446	65
446	70
446	74
446	78
446	84
446	88
446	89
446	542
447	3
447	13
447	14
447	23
447	27
447	31
447	38
447	41
447	42
447	51
447	55
447	61
447	65
447	66
447	71
447	75
447	79
447	85
447	89
447	90
447	543
448	0
448	4
448	14
448	15
448	28
448	32
448	39
448	42
448	43
448	48
448	52
448	56
448	62
448	66
448	67
448	76
448	80
448	86
448	90
448	91
448	544
449	1
449	5
449	15
449	16
449	29
449	33
449	40
449	43
449	44
449	49
449	53
449	57
449	63
449	67
449	68
449	77
449	81
449	87
449	91
449	92
449	545
450	2
450	6
450	16
450	17
450	30
450	34
450	41
450	44
450	45
450	50
450	54
450	58
450	64
450	68
450	69
450	78
450	82
450	88
450	92
450	93
450	546
451	3
451	7
451	17
451	18
451	31
451	35
451	42
451	45
451	46
451	51
451	55
451	59
451	65
451	69
451	70
451	79
451	83
451	89
451	93
451	94
451	547
452	4
452	8
452	18
452	19
452	32
452	36
452	43
452	46
452	47
452	52
452	56
452	60
452	66
452	70
452	71
452	80
452	84
452	90
452	94
452	95
452	548
453	5
453	9
453	19
453	20
453	24
453	33
453	37
453	44
453	47
453	48
453	53
453	57
453	61
453	67
453	71
453	72
453	81
453	85
453	91
453	95
453	549
454	6
454	10
454	20
454	21
454	24
454	25
454	34
454	38
454	45
454	48
454	49
454	54
454	58
454	62
454	68
454	72
454	73
454	82
454	86
454	92
454	550
455	7
455	11
455	21
455	22
455	25
455	26
455	35
455	39
455	46
455	49
455	50
455	55
455	59
455	63
455	69
455	73
455	74
455	83
455	87
455	93
455	551
456	0
456	5
456	8
456	21
456	25
456	28
456	29
456	33
456	36
456	49
456	52
456	56
456	57
456	60
456	69
456	73
456	76
456	80
456	81
456	84
456	552
457	1
457	6
457	9
457	22
457	26
457	29
457	30
457	34
457	37
457	50
457	53
457	57
457	58
457	61
457	70
457	74
457	77
457	81
457	82
457	85
457	553
458	2
458	7
458	10
458	23
458	27
458	30
458	31
458	35
458	38
458	51
458	54
458	58
458	59
458	62
458	71
458	75
458	78
458	82
458	83
458	86
458	554
459	0
459	3
459	8
459	11
459	28
459	31
459	32
459	36
459	39
459	48
459	52
459	55
459	59
459	60
459	63
459	76
459	79
459	83
459	84
459	87
459	555
460	1
460	4
460	9
460	12
460	29
460	32
460	33
460	37
460	40
460	49
460	53
460	56
460	60
460	61
460	64
460	77
460	80
460	84
460	85
460	88
460	556
461	2
461	5
461	10
461	13
461	30
461	33
461	34
461	38
461	41
461	50
461	54
461	57
461	61
461	62
461	65
461	78
461	81
461	85
461	86
461	89
461	557
462	3
462	6
462	11
462	14
462	31
462	34
462	35
462	39
462	42
462	51
462	55
462	58
462	62
462	63
462	66
462	79
462	82
462	86
462	87
462	90
462	558
463	4
463	7
463	12
463	15
463	32
463	35
463	36
463	40
463	43
463	52
463	56
463	59
463	63
463	64
463	67
463	80
463	83
463	87
463	88
463	91
463	559
464	5
464	8
464	13
464	16
464	33
464	36
464	37
464	41
464	44
464	53
464	57
464	60
464	64
464	65
464	68
464	81
464	84
464	88
464	89
464	92
464	560
465	6
465	9
465	14
465	17
465	34
465	37
465	38
465	42
465	45
465	54
465	58
465	61
465	65
465	66
465	69
465	82
465	85
465	89
465	90
465	93
465	561
466	7
466	10
466	15
466	18
466	35
466	38
466	39
466	43
466	46
466	55
466	59
466	62
466	66
466	67
466	70
466	83
466	86
466	90
466	91
466	94
466	562
467	8
467	11
467	16
467	19
467	36
467	39
467	40
467	44
467	47
467	56
467	60
467	63
467	67
467	68
467	71
467	84
467	87
467	91
467	92
467	95
467	563
468	9
468	12
468	17
468	20
468	24
468	37
468	40
468	41
468	45
468	48
468	57
468	61
468	64
468	68
468	69
468	72
468	85
468	88
468	92
468	93
468	564
469	10
469	13
469	18
469	21
469	25
469	38
469	41
469	42
469	46
469	49
469	58
469	62
469	65
469	69
469	70
469	73
469	86
469	89
469	93
469	94
469	565
470	11
470	14
470	19
470	22
470	26
470	39
470	42
470	43
470	47
470	50
470	59
470	63
470	66
470	70
470	71
470	74
470	87
470	90
470	94
470	95
470	566
471	12
471	15
471	20
471	23
471	24
471	27
471	40
471	43
471	44
471	48
471	51
471	60
471	64
471	67
471	71
471	72
471	75
471	88
471	91
471	95
471	567
472	0
472	13
472	16
472	21
472	25
472	28
472	41
472	44
472	45
472	48
472	49
472	52
472	61
472	65
472	68
472	72
472	73
472	76
472	89
472	92
472	568
473	1
473	14
473	17
473	22
473	26
473	29
473	42
473	45
473	46
473	49
473	50
473	53
473	62
473	66
473	69
473	73
473	74
473	77
473	90
473	93
473	569
474	2
474	15
474	18
474	23
474	27
474	30
474	43
474	46
474	47
474	50
474	51
474	54
474	63
474	67
474	70
474	74
474	75
474	78
474	91
474	94
474	570
475	0
475	3
475	16
475	19
475	24
475	28
475	31
475	44
475	47
475	51
475	52
475	55
475	64
475	68
475	71
475	75
475	76
475	79
475	92
475	95
475	571
476	1
476	4
476	17
476	20
476	24
476	25
476	29
476	32
476	45
476	48
476	52
476	53
476	56
476	65
476	69
476	72
476	76
476	77
476	80
476	93
476	572
477	2
477	5
477	18
477	21
477	25
477	26
477	30
477	33
477	46
477	49
477	53
477	54
477	57
477	66
477	70
477	73
477	77
477	78
477	81
477	94
477	573
478	3
478	6
478	19
478	22
478	26
478	27
478	31
478	34
478	47
478	50
478	54
478	55
478	58
478	67
478	71
478	74
478	78
478	79
478	82
478	95
478	574
479	4
479	7
479	20
479	23
479	24
479	27
479	28
479	32
479	35
479	48
479	51
479	55
479	56
479	59
479	68
479	72
479	75
479	79
479	80
479	83
479	575