0	0
0	129
0	132
0	133
0	135
0	136
0	138
0	140
0	142
0	145
0	146
0	147
0	148
0	154
0	155
0	157
0	158
0	160
0	161
0	163
0	164
0	165
0	166
0	169
0	171
0	172
0	176
0	179
0	180
0	181
0	184
0	185
0	190
0	193
0	194
0	198
0	202
0	204
0	206
0	209
0	210
0	213
0	214
0	217
0	218
0	226
0	229
0	230
0	231
0	237
0	239
0	243
0	245
0	246
0	247
0	249
0	250
0	251
0	253
1	1
1	131
1	133
1	137
1	138
1	141
1	143
1	146
1	148
1	154
1	159
1	162
1	168
1	172
1	175
1	177
1	179
1	180
1	187
1	191
1	192
1	193
1	195
1	198
1	199
1	202
1	204
1	205
1	209
1	212
1	215
1	217
1	218
1	220
1	221
1	224
1	225
1	231
1	237
1	239
1	246
1	250
1	255
2	2
2	129
2	130
2	131
2	133
2	134
2	135
2	137
2	138
2	139
2	143
2	144
2	145
2	146
2	148
2	150
2	151
2	153
2	155
2	156
2	157
2	158
2	159
2	160
2	161
2	162
2	163
2	166
2	170
2	172
2	176
2	177
2	179
2	180
2	184
2	185
2	186
2	189
2	190
2	193
2	194
2	198
2	200
2	201
2	202
2	204
2	206
2	207
2	208
2	209
2	211
2	213
2	219
2	220
2	227
2	232
2	233
2	236
2	245
2	246
2	247
2	250
2	251
2	253
2	254
2	255
3	3
3	129
3	131
3	143
3	150
3	151
3	157
3	159
3	162
3	169
3	174
3	175
3	176
3	177
3	181
3	187
3	189
3	197
3	199
3	200
3	205
3	206
3	208
3	212
3	213
3	220
3	224
3	235
3	239
3	247
3	253
3	255
4	4
4	130
4	133
4	137
4	138
4	139
4	147
4	148
4	150
4	153
4	156
4	158
4	159
4	161
4	163
4	164
4	165
4	167
4	168
4	170
4	171
4	176
4	181
4	183
4	184
4	185
4	186
4	187
4	188
4	190
4	191
4	192
4	193
4	194
4	195
4	197
4	201
4	208
4	210
4	211
4	212
4	213
4	214
4	216
4	217
4	219
4	221
4	225
4	226
4	227
4	229
4	232
4	240
4	244
4	245
4	247
4	250
4	251
4	253
5	5
5	136
5	137
5	138
5	144
5	146
5	147
5	150
5	153
5	154
5	158
5	159
5	160
5	161
5	171
5	172
5	179
5	184
5	189
5	192
5	193
5	195
5	198
5	202
5	204
5	207
5	208
5	210
5	211
5	212
5	213
5	214
5	217
5	218
5	221
5	224
5	226
5	227
5	230
5	232
5	235
5	236
5	237
5	240
5	249
5	251
5	254
5	255
6	6
6	129
6	130
6	131
6	137
6	139
6	145
6	149
6	150
6	155
6	157
6	158
6	161
6	162
6	163
6	164
6	167
6	170
6	171
6	172
6	173
6	176
6	177
6	181
6	184
6	185
6	187
6	188
6	189
6	190
6	194
6	198
6	202
6	206
6	207
6	210
6	214
6	226
6	229
6	233
6	236
6	237
6	239
6	242
6	245
6	247
7	7
7	130
7	133
7	141
7	142
7	143
7	145
7	147
7	148
7	151
7	154
7	156
7	159
7	162
7	163
7	164
7	165
7	167
7	168
7	169
7	171
7	172
7	176
7	178
7	179
7	181
7	183
7	184
7	185
7	186
7	194
7	198
7	200
7	201
7	202
7	203
7	204
7	205
7	209
7	210
7	211
7	213
7	214
7	215
7	218
7	219
7	222
7	224
7	226
7	227
7	229
7	230
7	231
7	232
7	233
7	235
7	237
7	240
7	243
7	246
7	247
7	248
7	249
7	250
7	251
7	255
8	8
8	129
8	134
8	136
8	137
8	143
8	144
8	153
8	154
8	157
8	158
8	159
8	160
8	161
8	163
8	164
8	166
8	167
8	169
8	172
8	175
8	176
8	179
8	181
8	183
8	185
8	188
8	189
8	190
8	194
8	197
8	198
8	199
8	202
8	204
8	205
8	206
8	207
8	211
8	215
8	217
8	218
8	220
8	222
8	227
8	230
8	232
8	233
8	236
8	243
8	245
8	247
8	249
8	251
8	254
9	9
9	133
9	135
9	137
9	138
9	141
9	143
9	144
9	145
9	146
9	147
9	148
9	150
9	154
9	155
9	156
9	158
9	159
9	161
9	162
9	168
9	174
9	178
9	180
9	181
9	184
9	185
9	186
9	188
9	191
9	192
9	194
9	195
9	196
9	197
9	201
9	205
9	207
9	209
9	212
9	215
9	217
9	219
9	221
9	222
9	225
9	231
9	233
9	235
9	236
9	239
9	243
9	246
9	250
9	254
10	10
10	129
10	130
10	135
10	136
10	137
10	139
10	143
10	144
10	149
10	150
10	151
10	156
10	157
10	159
10	160
10	166
10	170
10	171
10	176
10	179
10	180
10	183
10	186
10	187
10	188
10	191
10	192
10	195
10	197
10	200
10	201
10	204
10	206
10	207
10	210
10	214
10	219
10	221
10	222
10	225
10	226
10	227
10	230
10	235
10	236
10	237
10	239
10	240
10	242
10	243
10	247
10	249
10	250
10	254
10	255
11	11
11	129
11	130
11	133
11	135
11	136
11	138
11	139
11	141
11	142
11	143
11	144
11	145
11	146
11	148
11	150
11	153
11	155
11	157
11	159
11	160
11	163
11	165
11	166
11	168
11	169
11	170
11	171
11	172
11	175
11	176
11	178
11	179
11	180
11	184
11	185
11	186
11	187
11	190
11	191
11	192
11	193
11	194
11	195
11	198
11	199
11	202
11	204
11	205
11	206
11	208
11	210
11	214
11	215
11	219
11	220
11	221
11	222
11	225
11	226
11	229
11	230
11	233
11	236
11	240
11	243
11	245
11	247
11	249
11	250
11	253
11	254
12	12
12	129
12	131
12	132
12	139
12	140
12	144
12	145
12	147
12	149
12	150
12	151
12	153
12	155
12	156
12	159
12	163
12	167
12	170
12	171
12	172
12	175
12	176
12	177
12	186
12	187
12	188
12	190
12	191
12	192
12	194
12	195
12	197
12	198
12	199
12	200
12	201
12	202
12	203
12	205
12	206
12	207
12	209
12	210
12	211
12	212
12	213
12	214
12	215
12	218
12	219
12	220
12	221
12	222
12	224
12	225
12	226
12	227
12	229
12	231
12	232
12	235
12	236
12	240
12	242
12	245
12	246
12	247
12	248
12	250
12	251
12	253
12	254
13	13
13	130
13	133
13	135
13	138
13	141
13	144
13	145
13	146
13	147
13	148
13	149
13	153
13	154
13	155
13	163
13	174
13	176
13	179
13	181
13	182
13	186
13	187
13	190
13	191
13	193
13	195
13	203
13	204
13	205
13	207
13	208
13	211
13	215
13	217
13	219
13	222
13	224
13	225
13	227
13	229
13	230
13	232
13	233
13	236
13	238
13	240
13	242
13	243
13	245
13	247
13	248
13	249
13	251
13	252
13	253
13	254
14	14
14	132
14	136
14	138
14	139
14	140
14	141
14	143
14	144
14	153
14	156
14	159
14	160
14	162
14	164
14	166
14	168
14	169
14	170
14	171
14	175
14	177
14	181
14	183
14	184
14	185
14	186
14	187
14	188
14	189
14	193
14	194
14	197
14	199
14	201
14	203
14	205
14	207
14	210
14	211
14	212
14	214
14	215
14	217
14	218
14	219
14	220
14	221
14	224
14	226
14	232
14	233
14	235
14	236
14	239
14	243
14	248
14	250
14	251
14	253
14	254
15	15
15	130
15	133
15	136
15	138
15	139
15	140
15	141
15	143
15	144
15	145
15	148
15	150
15	152
15	153
15	155
15	160
15	162
15	164
15	166
15	167
15	168
15	170
15	172
15	173
15	174
15	175
15	176
15	179
15	180
15	183
15	185
15	187
15	188
15	194
15	198
15	199
15	202
15	204
15	205
15	208
15	209
15	211
15	213
15	215
15	220
15	224
15	230
15	231
15	232
15	233
15	237
15	243
15	246
15	247
15	249
15	250
15	251
15	254
16	16
16	129
16	130
16	133
16	135
16	136
16	138
16	141
16	142
16	143
16	144
16	145
16	147
16	148
16	149
16	153
16	154
16	155
16	157
16	162
16	165
16	169
16	171
16	176
16	178
16	179
16	181
16	182
16	184
16	191
16	193
16	195
16	203
16	204
16	205
16	206
16	209
16	210
16	214
16	215
16	217
16	224
16	225
16	226
16	227
16	230
16	231
16	233
16	239
16	242
16	246
16	247
16	248
16	249
16	250
16	252
17	17
17	128
17	129
17	130
17	131
17	132
17	133
17	136
17	137
17	138
17	140
17	144
17	147
17	148
17	150
17	156
17	157
17	158
17	161
17	162
17	167
17	174
17	176
17	177
17	181
17	183
17	185
17	186
17	187
17	188
17	191
17	193
17	194
17	200
17	201
17	203
17	205
17	207
17	208
17	212
17	215
17	218
17	219
17	227
17	235
17	236
17	237
17	239
17	243
17	247
17	248
17	253
17	254
18	18
18	130
18	132
18	138
18	139
18	140
18	141
18	142
18	144
18	146
18	147
18	150
18	154
18	156
18	158
18	159
18	160
18	161
18	162
18	163
18	165
18	166
18	167
18	170
18	171
18	172
18	174
18	175
18	179
18	181
18	186
18	188
18	190
18	191
18	192
18	193
18	195
18	198
18	199
18	201
18	202
18	204
18	205
18	208
18	209
18	210
18	211
18	212
18	213
18	214
18	215
18	219
18	220
18	221
18	222
18	225
18	226
18	227
18	229
18	231
18	232
18	233
18	237
18	240
18	245
18	246
18	250
18	251
18	254
19	19
19	129
19	130
19	132
19	135
19	136
19	137
19	138
19	139
19	140
19	141
19	142
19	149
19	151
19	153
19	155
19	157
19	158
19	161
19	162
19	165
19	167
19	168
19	169
19	170
19	172
19	174
19	175
19	178
19	180
19	181
19	183
19	187
19	189
19	193
19	197
19	198
19	199
19	200
19	202
19	205
19	206
19	208
19	212
19	215
19	218
19	220
19	222
19	227
19	233
19	234
19	235
19	239
19	242
19	250
19	253
19	255
20	20
20	129
20	133
20	135
20	136
20	137
20	138
20	139
20	141
20	143
20	145
20	148
20	151
20	153
20	154
20	155
20	157
20	160
20	164
20	166
20	167
20	168
20	170
20	175
20	176
20	180
20	181
20	183
20	187
20	191
20	192
20	193
20	195
20	197
20	199
20	200
20	203
20	206
20	208
20	209
20	217
20	220
20	221
20	224
20	225
20	227
20	231
20	232
20	233
20	235
20	237
20	246
20	247
20	248
20	249
20	251
21	21
21	130
21	132
21	140
21	142
21	143
21	146
21	147
21	150
21	151
21	154
21	156
21	158
21	159
21	160
21	161
21	162
21	163
21	164
21	165
21	166
21	167
21	172
21	175
21	179
21	180
21	181
21	183
21	184
21	185
21	186
21	188
21	190
21	194
21	198
21	199
21	201
21	202
21	203
21	204
21	205
21	209
21	210
21	211
21	213
21	215
21	219
21	220
21	222
21	224
21	226
21	229
21	231
21	232
21	233
21	237
21	239
21	245
21	246
21	248
21	250
21	251
21	253
21	255
22	22
22	129
22	130
22	131
22	132
22	135
22	136
22	138
22	139
22	140
22	143
22	144
22	145
22	147
22	151
22	155
22	156
22	157
22	158
22	161
22	164
22	167
22	170
22	174
22	177
22	179
22	180
22	184
22	185
22	186
22	187
22	188
22	189
22	191
22	192
22	193
22	194
22	195
22	198
22	200
22	201
22	202
22	204
22	205
22	206
22	208
22	212
22	215
22	219
22	221
22	224
22	225
22	227
22	228
22	236
22	239
22	241
22	243
22	253
22	254
23	23
23	130
23	136
23	141
23	144
23	145
23	151
23	154
23	159
23	160
23	162
23	166
23	168
23	171
23	172
23	176
23	178
23	179
23	183
23	185
23	192
23	194
23	198
23	200
23	202
23	203
23	204
23	205
23	207
23	208
23	210
23	213
23	214
23	215
23	221
23	224
23	226
23	230
23	233
23	234
23	235
23	236
23	239
23	247
23	248
23	249
23	254
24	24
24	130
24	131
24	133
24	135
24	136
24	142
24	145
24	146
24	148
24	153
24	155
24	159
24	162
24	163
24	165
24	166
24	169
24	171
24	172
24	177
24	179
24	180
24	183
24	184
24	189
24	190
24	197
24	198
24	202
24	203
24	204
24	205
24	208
24	209
24	210
24	212
24	213
24	214
24	215
24	217
24	222
24	224
24	226
24	229
24	230
24	231
24	233
24	235
24	240
24	243
24	245
24	246
24	248
24	249
24	250
24	255
25	25
25	129
25	131
25	135
25	136
25	137
25	138
25	139
25	144
25	146
25	147
25	149
25	150
25	154
25	156
25	157
25	159
25	162
25	163
25	164
25	167
25	168
25	169
25	170
25	172
25	174
25	180
25	182
25	186
25	187
25	188
25	189
25	190
25	192
25	193
25	197
25	198
25	201
25	202
25	203
25	205
25	206
25	207
25	209
25	212
25	213
25	215
25	217
25	219
25	221
25	224
25	229
25	231
25	235
25	236
25	237
25	239
25	242
25	245
25	246
25	248
25	252
25	254
26	26
26	132
26	133
26	138
26	140
26	141
26	142
26	143
26	146
26	147
26	148
26	149
26	151
26	153
26	156
26	163
26	164
26	165
26	168
26	169
26	178
26	179
26	181
26	186
26	190
26	191
26	192
26	193
26	195
26	200
26	201
26	204
26	205
26	209
26	215
26	217
26	219
26	221
26	222
26	224
26	225
26	227
26	231
26	233
26	237
26	242
26	245
26	246
26	250
26	253
26	255
27	27
27	129
27	130
27	132
27	135
27	137
27	139
27	140
27	142
27	144
27	145
27	146
27	147
27	149
27	151
27	154
27	155
27	156
27	159
27	162
27	164
27	165
27	168
27	170
27	174
27	175
27	176
27	178
27	179
27	183
27	184
27	186
27	187
27	188
27	191
27	192
27	195
27	197
27	199
27	200
27	201
27	204
27	206
27	207
27	209
27	211
27	219
27	220
27	221
27	225
27	230
27	232
27	235
27	236
27	237
27	240
27	242
27	243
27	246
27	247
27	249
27	251
27	253
27	254
27	255
28	28
28	130
28	132
28	133
28	136
28	140
28	143
28	146
28	147
28	148
28	151
28	153
28	158
28	161
28	164
28	171
28	174
28	178
28	180
28	184
28	187
28	191
28	192
28	195
28	200
28	203
28	205
28	207
28	210
28	213
28	214
28	215
28	221
28	222
28	224
28	225
28	226
28	233
28	237
28	240
28	248
28	251
28	253
28	255
29	29
29	129
29	131
29	132
29	135
29	136
29	137
29	138
29	139
29	140
29	142
29	143
29	145
29	146
29	147
29	150
29	154
29	155
29	156
29	157
29	158
29	160
29	161
29	163
29	164
29	165
29	166
29	167
29	170
29	177
29	178
29	180
29	181
29	183
29	186
29	189
29	190
29	193
29	201
29	203
29	205
29	211
29	215
29	217
29	219
29	229
29	230
29	232
29	235
29	243
29	245
29	248
29	249
29	250
29	251
29	253
29	255
30	30
30	130
30	131
30	132
30	133
30	135
30	138
30	140
30	141
30	143
30	144
30	147
30	148
30	149
30	154
30	160
30	163
30	164
30	166
30	168
30	169
30	170
30	172
30	174
30	176
30	177
30	178
30	183
30	190
30	191
30	192
30	193
30	195
30	197
30	198
30	202
30	208
30	209
30	212
30	217
30	218
30	221
30	224
30	225
30	229
30	231
30	233
30	235
30	237
30	240
30	242
30	243
30	245
30	246
30	247
30	253
30	255
31	31
31	129
31	131
31	135
31	143
31	146
31	147
31	149
31	153
31	156
31	157
31	158
31	159
31	161
31	162
31	164
31	167
31	171
31	177
31	178
31	179
31	180
31	181
31	183
31	184
31	186
31	187
31	188
31	189
31	197
31	201
31	204
31	205
31	206
31	208
31	210
31	211
31	214
31	215
31	217
31	219
31	222
31	226
31	230
31	232
31	239
31	240
31	242
31	243
31	249
31	250
31	251
31	253
31	255
32	32
32	130
32	133
32	135
32	143
32	145
32	146
32	148
32	149
32	150
32	151
32	153
32	154
32	155
32	156
32	158
32	159
32	161
32	163
32	164
32	167
32	175
32	178
32	179
32	180
32	181
32	183
32	186
32	187
32	188
32	190
32	199
32	200
32	201
32	204
32	205
32	207
32	209
32	210
32	211
32	215
32	219
32	220
32	226
32	229
32	231
32	232
32	233
32	235
32	236
32	239
32	240
32	242
32	245
32	246
32	248
32	250
32	251
32	253
32	255
33	33
33	130
33	132
33	137
33	140
33	145
33	146
33	151
33	153
33	155
33	159
33	161
33	167
33	171
33	172
33	174
33	175
33	178
33	179
33	181
33	183
33	184
33	185
33	187
33	189
33	191
33	192
33	194
33	195
33	197
33	198
33	199
33	200
33	202
33	203
33	204
33	206
33	207
33	209
33	210
33	211
33	214
33	218
33	220
33	221
33	222
33	224
33	225
33	226
33	231
33	232
33	236
33	239
33	240
33	246
33	248
33	251
33	253
33	254
34	34
34	129
34	132
34	135
34	136
34	137
34	140
34	141
34	142
34	143
34	145
34	147
34	150
34	151
34	153
34	155
34	156
34	157
34	158
34	159
34	160
34	162
34	163
34	164
34	165
34	166
34	168
34	169
34	171
34	172
34	174
34	176
34	177
34	179
34	183
34	186
34	187
34	188
34	189
34	190
34	191
34	192
34	195
34	198
34	200
34	201
34	202
34	204
34	206
34	209
34	210
34	212
34	213
34	214
34	217
34	218
34	219
34	221
34	222
34	224
34	225
34	226
34	227
34	229
34	231
34	235
34	237
34	240
34	245
34	246
34	247
34	253
35	35
35	130
35	131
35	132
35	133
35	137
35	138
35	139
35	140
35	141
35	143
35	146
35	147
35	148
35	149
35	153
35	162
35	163
35	167
35	168
35	169
35	170
35	171
35	175
35	177
35	179
35	187
35	189
35	190
35	191
35	192
35	193
35	195
35	199
35	204
35	209
35	210
35	214
35	217
35	220
35	221
35	224
35	225
35	226
35	227
35	229
35	230
35	231
35	233
35	237
35	239
35	242
35	243
35	245
35	249
35	250
35	253
36	36
36	131
36	133
36	135
36	136
36	137
36	138
36	142
36	145
36	147
36	148
36	149
36	150
36	155
36	159
36	160
36	164
36	165
36	166
36	167
36	169
36	172
36	174
36	176
36	177
36	178
36	180
36	182
36	183
36	184
36	191
36	193
36	195
36	198
36	202
36	209
36	211
36	213
36	218
36	225
36	231
36	232
36	233
36	242
36	244
36	246
36	247
36	251
37	37
37	129
37	130
37	132
37	135
37	137
37	138
37	140
37	142
37	143
37	146
37	149
37	150
37	154
37	157
37	158
37	161
37	165
37	167
37	169
37	172
37	174
37	181
37	183
37	184
37	192
37	193
37	194
37	197
37	198
37	202
37	203
37	205
37	206
37	208
37	209
37	211
37	212
37	215
37	221
37	222
37	226
37	231
37	232
37	233
37	235
37	240
37	242
37	246
37	248
37	251
37	255
38	38
38	129
38	131
38	132
38	137
38	139
38	140
38	142
38	145
38	147
38	153
38	155
38	156
38	157
38	158
38	159
38	161
38	162
38	163
38	164
38	165
38	170
38	172
38	174
38	175
38	177
38	178
38	179
38	183
38	185
38	186
38	187
38	188
38	190
38	198
38	199
38	201
38	202
38	203
38	204
38	205
38	206
38	207
38	209
38	213
38	215
38	217
38	218
38	219
38	220
38	222
38	228
38	229
38	230
38	231
38	235
38	239
38	245
38	246
38	248
38	249
38	250
38	253
38	255
39	39
39	129
39	131
39	132
39	133
39	135
39	137
39	138
39	139
39	140
39	142
39	143
39	145
39	146
39	147
39	148
39	153
39	155
39	156
39	157
39	158
39	159
39	161
39	163
39	165
39	170
39	175
39	177
39	179
39	180
39	185
39	186
39	188
39	189
39	190
39	191
39	192
39	193
39	194
39	195
39	198
39	199
39	201
39	202
39	203
39	204
39	205
39	206
39	207
39	209
39	215
39	217
39	219
39	220
39	221
39	222
39	225
39	229
39	230
39	231
39	235
39	236
39	241
39	245
39	246
39	248
39	249
39	253
39	255
40	40
40	129
40	130
40	133
40	135
40	136
40	137
40	138
40	142
40	143
40	145
40	146
40	148
40	149
40	153
40	155
40	156
40	157
40	158
40	160
40	161
40	162
40	165
40	166
40	169
40	171
40	172
40	175
40	178
40	185
40	186
40	188
40	191
40	192
40	194
40	195
40	197
40	198
40	199
40	201
40	202
40	203
40	205
40	206
40	208
40	210
40	214
40	215
40	219
40	220
40	221
40	222
40	224
40	225
40	226
40	227
40	233
40	239
40	240
40	242
40	243
40	248
40	253
40	255
41	41
41	131
41	135
41	136
41	141
41	142
41	145
41	146
41	147
41	149
41	150
41	153
41	155
41	159
41	160
41	164
41	165
41	166
41	167
41	168
41	169
41	171
41	172
41	174
41	175
41	176
41	177
41	178
41	180
41	184
41	185
41	194
41	197
41	198
41	199
41	202
41	208
41	209
41	217
41	218
41	227
41	231
41	233
41	235
41	240
41	242
41	246
41	247
41	253
42	42
42	130
42	133
42	137
42	140
42	144
42	145
42	147
42	148
42	151
42	152
42	154
42	155
42	156
42	159
42	160
42	166
42	174
42	175
42	176
42	178
42	181
42	183
42	185
42	186
42	187
42	189
42	190
42	193
42	197
42	199
42	200
42	201
42	203
42	205
42	207
42	209
42	212
42	213
42	215
42	217
42	218
42	219
42	220
42	222
42	224
42	227
42	230
42	231
42	233
42	235
42	236
42	239
42	240
42	246
42	247
42	248
42	249
42	253
42	254
43	43
43	130
43	131
43	135
43	137
43	138
43	139
43	142
43	146
43	149
43	150
43	153
43	154
43	162
43	165
43	168
43	170
43	172
43	177
43	178
43	182
43	183
43	184
43	186
43	187
43	188
43	190
43	192
43	193
43	198
43	202
43	205
43	212
43	213
43	215
43	218
43	221
43	222
43	224
43	227
43	230
43	235
43	237
43	239
43	242
43	243
43	249
43	255
44	44
44	130
44	135
44	136
44	137
44	139
44	143
44	145
44	146
44	149
44	153
44	154
44	155
44	164
44	167
44	169
44	170
44	174
44	175
44	176
44	179
44	183
44	187
44	189
44	197
44	199
44	203
44	204
44	205
44	208
44	211
44	215
44	217
44	218
44	220
44	224
44	230
44	232
44	233
44	235
44	240
44	242
44	247
44	249
44	250
44	251
44	253
45	45
45	129
45	130
45	132
45	135
45	136
45	137
45	139
45	140
45	141
45	142
45	145
45	150
45	155
45	156
45	157
45	159
45	160
45	163
45	165
45	166
45	167
45	168
45	169
45	170
45	172
45	176
45	178
45	179
45	180
45	183
45	184
45	186
45	188
45	190
45	191
45	192
45	195
45	197
45	198
45	201
45	202
45	204
45	206
45	208
45	209
45	211
45	212
45	219
45	221
45	222
45	224
45	225
45	227
45	229
45	230
45	231
45	232
45	237
45	238
45	239
45	240
45	245
45	246
45	247
45	249
45	251
45	253
46	46
46	130
46	135
46	139
46	144
46	145
46	147
46	150
46	154
46	155
46	156
46	158
46	159
46	160
46	161
46	162
46	166
46	169
46	170
46	174
46	175
46	178
46	180
46	181
46	185
46	186
46	187
46	188
46	191
46	194
46	199
46	201
46	205
46	207
46	208
46	212
46	215
46	219
46	220
46	222
46	224
46	225
46	227
46	233
46	236
46	237
46	240
46	243
46	253
46	254
47	47
47	129
47	130
47	132
47	133
47	135
47	137
47	140
47	143
47	144
47	146
47	148
47	151
47	153
47	154
47	155
47	157
47	167
47	169
47	171
47	174
47	175
47	176
47	181
47	184
47	185
47	187
47	194
47	197
47	199
47	200
47	201
47	203
47	205
47	206
47	207
47	210
47	211
47	212
47	214
47	215
47	217
47	220
47	222
47	224
47	226
47	227
47	230
47	232
47	233
47	236
47	237
47	239
47	240
47	247
47	248
47	249
47	250
47	251
47	254
48	48
48	132
48	135
48	136
48	137
48	138
48	140
48	144
48	149
48	151
48	153
48	154
48	156
48	158
48	161
48	162
48	163
48	167
48	171
48	172
48	174
48	175
48	176
48	178
48	181
48	183
48	186
48	189
48	190
48	193
48	197
48	198
48	199
48	200
48	201
48	202
48	205
48	207
48	209
48	212
48	213
48	215
48	217
48	218
48	219
48	220
48	224
48	227
48	229
48	230
48	231
48	233
48	235
48	236
48	239
48	240
48	242
48	243
48	245
48	246
48	247
48	249
48	251
48	253
48	254
49	49
49	130
49	131
49	132
49	133
49	135
49	137
49	139
49	140
49	141
49	142
49	143
49	145
49	146
49	148
49	151
49	154
49	158
49	161
49	162
49	163
49	165
49	167
49	168
49	169
49	170
49	171
49	172
49	175
49	176
49	177
49	178
49	179
49	180
49	183
49	184
49	187
49	188
49	198
49	199
49	200
49	202
49	204
49	205
49	210
49	211
49	212
49	213
49	214
49	215
49	217
49	218
49	220
49	222
49	224
49	226
49	227
49	229
49	232
49	234
49	240
49	247
49	251
49	255
50	50
50	129
50	130
50	132
50	135
50	136
50	139
50	140
50	141
50	143
50	145
50	150
50	153
50	155
50	157
50	159
50	160
50	162
50	166
50	167
50	169
50	170
50	171
50	172
50	174
50	175
50	176
50	179
50	181
50	182
50	183
50	184
50	189
50	192
50	198
50	199
50	202
50	204
50	205
50	206
50	210
50	211
50	212
50	214
50	215
50	217
50	218
50	220
50	221
50	222
50	224
50	230
50	232
50	233
50	237
50	239
50	247
50	249
50	251
50	253
50	255
51	51
51	130
51	133
51	135
51	136
51	137
51	138
51	143
51	144
51	146
51	147
51	148
51	150
51	151
51	153
51	158
51	159
51	160
51	161
51	162
51	166
51	171
51	176
51	179
51	180
51	185
51	187
51	193
51	194
51	197
51	200
51	203
51	204
51	207
51	208
51	210
51	211
51	212
51	213
51	214
51	217
51	226
51	227
51	232
51	235
51	236
51	237
51	242
51	247
51	248
51	249
51	250
51	251
51	254
51	255
52	52
52	130
52	133
52	135
52	141
52	142
52	143
52	146
52	148
52	149
52	150
52	153
52	154
52	158
52	159
52	161
52	162
52	165
52	168
52	172
52	175
52	178
52	179
52	180
52	183
52	184
52	187
52	191
52	192
52	195
52	198
52	199
52	202
52	203
52	204
52	209
52	212
52	217
52	220
52	221
52	224
52	225
52	227
52	231
52	237
52	239
52	242
52	246
52	248
52	250
52	255
53	53
53	129
53	130
53	138
53	139
53	142
53	143
53	146
53	150
53	153
53	157
53	159
53	160
53	162
53	163
53	165
53	166
53	168
53	169
53	170
53	172
53	174
53	175
53	176
53	178
53	181
53	183
53	184
53	185
53	189
53	190
53	191
53	192
53	193
53	194
53	195
53	198
53	199
53	206
53	218
53	220
53	221
53	222
53	225
53	227
53	229
53	230
53	235
53	240
53	243
53	244
53	245
53	247
53	249
53	253
54	54
54	129
54	130
54	137
54	139
54	143
54	144
54	145
54	146
54	149
54	150
54	151
54	154
54	155
54	157
54	158
54	159
54	160
54	161
54	162
54	163
54	166
54	170
54	174
54	180
54	181
54	184
54	190
54	191
54	192
54	195
54	197
54	200
54	205
54	206
54	207
54	213
54	215
54	217
54	221
54	222
54	225
54	227
54	229
54	233
54	235
54	236
54	237
54	240
54	243
54	245
54	253
54	254
55	55
55	129
55	130
55	132
55	133
55	135
55	136
55	140
55	141
55	143
55	145
55	146
55	148
55	149
55	154
55	155
55	157
55	158
55	159
55	161
55	163
55	167
55	169
55	174
55	176
55	179
55	181
55	182
55	183
55	184
55	187
55	189
55	190
55	191
55	195
55	203
55	204
55	206
55	209
55	213
55	217
55	218
55	225
55	229
55	231
55	237
55	242
55	243
55	245
55	246
55	247
55	248
55	249
55	253
56	56
56	128
56	129
56	131
56	135
56	138
56	142
56	143
56	145
56	146
56	147
56	151
56	154
56	155
56	157
56	158
56	159
56	162
56	163
56	164
56	165
56	167
56	169
56	171
56	173
56	174
56	176
56	177
56	178
56	183
56	184
56	188
56	189
56	190
56	193
56	197
56	207
56	208
56	209
56	210
56	211
56	213
56	214
56	215
56	223
56	224
56	226
56	229
56	231
56	232
56	233
56	236
56	239
56	240
56	245
56	246
56	247
56	250
56	251
56	253
57	57
57	128
57	130
57	133
57	138
57	141
57	142
57	144
57	145
57	146
57	148
57	151
57	154
57	155
57	159
57	162
57	163
57	165
57	168
57	169
57	174
57	176
57	178
57	180
57	181
57	183
57	184
57	185
57	189
57	190
57	191
57	192
57	193
57	194
57	195
57	203
57	206
57	207
57	208
57	209
57	211
57	212
57	213
57	218
57	221
57	222
57	225
57	229
57	230
57	231
57	232
57	233
57	236
57	239
57	240
57	243
57	245
57	246
57	247
57	248
57	249
57	250
57	251
57	254
57	255
58	58
58	136
58	137
58	141
58	144
58	146
58	147
58	154
58	156
58	158
58	159
58	161
58	164
58	167
58	168
58	169
58	171
58	172
58	175
58	176
58	178
58	179
58	180
58	181
58	183
58	184
58	185
58	186
58	187
58	188
58	194
58	197
58	198
58	199
58	201
58	202
58	204
58	207
58	210
58	214
58	219
58	220
58	222
58	230
58	235
58	236
58	237
58	243
58	247
58	249
58	253
58	254
58	255
59	59
59	129
59	131
59	133
59	135
59	136
59	137
59	138
59	140
59	143
59	144
59	148
59	149
59	157
59	158
59	159
59	160
59	161
59	162
59	163
59	164
59	166
59	167
59	168
59	169
59	175
59	177
59	178
59	179
59	181
59	182
59	184
59	187
59	190
59	193
59	195
59	199
59	204
59	205
59	206
59	207
59	208
59	215
59	218
59	220
59	224
59	225
59	229
59	230
59	235
59	236
59	240
59	242
59	243
59	245
59	249
59	252
59	254
60	60
60	130
60	131
60	132
60	135
60	136
60	138
60	139
60	140
60	142
60	144
60	147
60	149
60	151
60	154
60	160
60	162
60	165
60	166
60	170
60	171
60	172
60	176
60	178
60	180
60	183
60	184
60	189
60	191
60	192
60	193
60	195
60	198
60	200
60	202
60	207
60	208
60	210
60	211
60	212
60	214
60	217
60	221
60	222
60	224
60	225
60	226
60	227
60	230
60	232
60	233
60	235
60	236
60	237
60	242
60	247
60	249
60	250
60	251
60	253
60	254
60	255
61	61
61	129
61	130
61	131
61	132
61	135
61	137
61	138
61	139
61	140
61	143
61	144
61	145
61	147
61	148
61	151
61	153
61	154
61	155
61	157
61	158
61	160
61	161
61	166
61	167
61	170
61	174
61	175
61	177
61	178
61	180
61	181
61	183
61	184
61	193
61	199
61	200
61	205
61	206
61	207
61	208
61	209
61	211
61	215
61	218
61	220
61	222
61	226
61	227
61	231
61	232
61	235
61	236
61	239
61	246
61	247
61	251
61	254
62	62
62	130
62	131
62	132
62	133
62	135
62	137
62	138
62	140
62	142
62	144
62	147
62	148
62	149
62	151
62	153
62	159
62	164
62	165
62	173
62	175
62	177
62	178
62	179
62	185
62	188
62	189
62	193
62	194
62	199
62	200
62	203
62	204
62	208
62	209
62	212
62	213
62	217
62	220
62	224
62	230
62	231
62	233
62	235
62	237
62	239
62	242
62	243
62	246
62	248
62	249
62	253
62	254
62	255
63	63
63	132
63	137
63	140
63	141
63	143
63	146
63	147
63	149
63	151
63	156
63	162
63	163
63	164
63	168
63	169
63	175
63	179
63	181
63	184
63	186
63	188
63	190
63	191
63	192
63	193
63	195
63	196
63	197
63	199
63	200
63	201
63	203
63	204
63	205
63	208
63	209
63	215
63	217
63	219
63	220
63	221
63	222
63	224
63	225
63	227
63	229
63	231
63	233
63	237
63	242
63	245
63	246
63	248
63	250
63	253
63	255
64	64
64	131
64	133
64	135
64	137
64	139
64	144
64	145
64	147
64	148
64	153
64	154
64	155
64	159
64	162
64	164
64	167
64	170
64	171
64	174
64	175
64	176
64	177
64	178
64	184
64	185
64	187
64	189
64	192
64	194
64	195
64	199
64	203
64	207
64	208
64	209
64	210
64	211
64	212
64	214
64	220
64	221
64	224
64	226
64	227
64	231
64	232
64	233
64	235
64	236
64	240
64	246
64	247
64	248
64	250
64	251
64	253
64	254
64	255
65	65
65	129
65	136
65	137
65	138
65	139
65	144
65	149
65	150
65	156
65	157
65	158
65	159
65	161
65	162
65	165
65	169
65	170
65	171
65	176
65	179
65	180
65	184
65	186
65	188
65	193
65	197
65	201
65	203
65	204
65	206
65	207
65	209
65	210
65	214
65	217
65	219
65	222
65	224
65	226
65	227
65	230
65	231
65	235
65	236
65	238
65	239
65	242
65	243
65	246
65	247
65	248
65	249
65	254
65	255
66	66
66	130
66	136
66	137
66	138
66	142
66	145
66	147
66	149
66	150
66	153
66	154
66	155
66	160
66	164
66	165
66	166
66	167
66	168
66	174
66	179
66	182
66	185
66	189
66	191
66	193
66	194
66	195
66	197
66	203
66	204
66	205
66	208
66	212
66	215
66	218
66	225
66	227
66	230
66	233
66	235
66	237
66	239
66	240
66	242
66	248
66	249
66	252
66	253
66	255
67	67
67	129
67	130
67	131
67	133
67	137
67	139
67	144
67	145
67	148
67	151
67	154
67	155
67	156
67	157
67	162
67	164
67	167
67	169
67	170
67	171
67	175
67	176
67	177
67	180
67	181
67	184
67	188
67	191
67	200
67	201
67	206
67	207
67	208
67	209
67	210
67	213
67	214
67	217
67	218
67	222
67	224
67	226
67	227
67	230
67	231
67	233
67	235
67	236
67	239
67	243
67	246
67	247
67	249
67	254
67	255
68	68
68	131
68	132
68	135
68	137
68	138
68	139
68	140
68	141
68	144
68	146
68	149
68	150
68	151
68	153
68	154
68	157
68	158
68	159
68	160
68	161
68	162
68	163
68	164
68	166
68	167
68	168
68	169
68	170
68	171
68	172
68	173
68	174
68	177
68	180
68	183
68	184
68	188
68	190
68	191
68	192
68	193
68	195
68	198
68	200
68	202
68	203
68	208
68	209
68	210
68	211
68	212
68	214
68	218
68	221
68	222
68	224
68	225
68	226
68	229
68	230
68	231
68	232
68	233
68	235
68	237
68	242
68	245
68	246
68	248
68	249
68	250
68	251
68	254
68	255
69	69
69	130
69	131
69	133
69	138
69	145
69	146
69	148
69	153
69	154
69	155
69	156
69	158
69	160
69	161
69	164
69	166
69	167
69	169
69	171
69	176
69	177
69	180
69	181
69	183
69	184
69	185
69	186
69	187
69	188
69	189
69	191
69	192
69	193
69	194
69	195
69	197
69	201
69	203
69	207
69	209
69	210
69	211
69	212
69	214
69	219
69	221
69	222
69	225
69	226
69	231
69	232
69	233
69	235
69	236
69	243
69	246
69	247
69	248
69	251
69	254
70	70
70	130
70	131
70	132
70	136
70	137
70	139
70	140
70	142
70	143
70	144
70	150
70	151
70	153
70	154
70	156
70	162
70	163
70	164
70	165
70	169
70	170
70	171
70	172
70	177
70	179
70	181
70	183
70	185
70	186
70	188
70	190
70	191
70	192
70	194
70	195
70	198
70	200
70	201
70	202
70	204
70	207
70	208
70	209
70	210
70	214
70	217
70	218
70	219
70	221
70	222
70	225
70	226
70	227
70	229
70	230
70	231
70	233
70	236
70	238
70	245
70	246
70	249
70	250
70	254
70	255
71	71
71	129
71	131
71	132
71	136
71	137
71	140
71	142
71	145
71	147
71	149
71	150
71	153
71	155
71	157
71	162
71	164
71	165
71	171
71	172
71	176
71	177
71	178
71	179
71	181
71	187
71	189
71	198
71	202
71	205
71	206
71	210
71	212
71	213
71	214
71	215
71	222
71	224
71	226
71	239
71	242
71	247
71	250
71	253
71	255
72	72
72	129
72	133
72	135
72	136
72	138
72	142
72	144
72	146
72	149
72	151
72	154
72	156
72	157
72	158
72	161
72	165
72	171
72	176
72	183
72	184
72	186
72	188
72	189
72	191
72	192
72	193
72	195
72	198
72	200
72	201
72	202
72	206
72	207
72	210
72	211
72	213
72	214
72	217
72	218
72	219
72	221
72	222
72	224
72	225
72	226
72	227
72	230
72	232
72	235
72	236
72	237
72	239
72	240
72	242
72	243
72	247
72	249
72	251
72	253
72	254
72	255
73	73
73	129
73	130
73	131
73	132
73	133
73	135
73	136
73	137
73	140
73	141
73	142
73	143
73	145
73	147
73	148
73	149
73	151
73	153
73	155
73	156
73	157
73	162
73	163
73	164
73	168
73	169
73	171
73	172
73	174
73	175
73	177
73	184
73	185
73	186
73	188
73	189
73	190
73	191
73	192
73	194
73	195
73	198
73	199
73	201
73	202
73	203
73	205
73	206
73	210
73	213
73	214
73	215
73	219
73	220
73	221
73	222
73	225
73	226
73	227
73	229
73	230
73	239
73	242
73	245
73	248
73	249
73	255
74	74
74	129
74	130
74	131
74	137
74	138
74	139
74	145
74	150
74	151
74	153
74	154
74	155
74	157
74	162
74	164
74	167
74	168
74	169
74	170
74	171
74	172
74	177
74	178
74	180
74	181
74	183
74	185
74	191
74	192
74	193
74	194
74	195
74	200
74	206
74	207
74	209
74	210
74	211
74	213
74	214
74	218
74	221
74	224
74	225
74	226
74	227
74	230
74	231
74	232
74	233
74	240
74	244
74	246
74	249
74	250
74	251
75	75
75	136
75	138
75	139
75	146
75	147
75	151
75	153
75	154
75	156
75	158
75	159
75	161
75	170
75	171
75	172
75	174
75	176
75	178
75	181
75	186
75	188
75	189
75	191
75	192
75	193
75	195
75	198
75	200
75	201
75	202
75	203
75	204
75	207
75	210
75	211
75	212
75	214
75	217
75	218
75	219
75	221
75	222
75	224
75	225
75	226
75	228
75	230
75	232
75	235
75	237
75	240
75	243
75	247
75	248
75	249
75	250
75	251
76	76
76	131
76	133
76	137
76	139
76	142
76	146
76	147
76	148
76	149
76	150
76	160
76	164
76	165
76	166
76	167
76	171
76	174
76	176
76	177
76	179
76	183
76	185
76	187
76	194
76	204
76	205
76	209
76	210
76	212
76	213
76	214
76	215
76	217
76	218
76	226
76	231
76	232
76	237
76	239
76	242
76	246
76	247
76	250
76	251
76	255
77	77
77	129
77	130
77	131
77	132
77	135
77	136
77	138
77	140
77	142
77	145
77	153
77	154
77	155
77	156
77	157
77	159
77	160
77	163
77	165
77	166
77	167
77	172
77	176
77	177
77	184
77	185
77	186
77	188
77	190
77	193
77	194
77	197
77	198
77	199
77	201
77	202
77	203
77	204
77	205
77	206
77	208
77	209
77	215
77	217
77	218
77	219
77	220
77	222
77	224
77	229
77	230
77	231
77	237
77	240
77	245
77	246
77	247
77	248
77	249
77	255
78	78
78	129
78	130
78	133
78	135
78	137
78	138
78	139
78	144
78	145
78	146
78	147
78	148
78	150
78	153
78	155
78	156
78	157
78	158
78	159
78	160
78	161
78	166
78	169
78	170
78	172
78	176
78	179
78	180
78	185
78	186
78	188
78	191
78	192
78	193
78	194
78	195
78	197
78	198
78	199
78	201
78	202
78	204
78	205
78	206
78	207
78	209
78	211
78	213
78	215
78	219
78	220
78	221
78	222
78	225
78	227
78	231
78	232
78	233
78	235
78	236
78	243
78	246
78	247
78	251
78	253
78	254
79	79
79	129
79	137
79	138
79	139
79	140
79	143
79	146
79	150
79	151
79	152
79	154
79	157
79	159
79	162
79	170
79	171
79	172
79	179
79	180
79	183
79	184
79	185
79	191
79	192
79	194
79	195
79	197
79	198
79	200
79	202
79	203
79	204
79	206
79	208
79	221
79	222
79	225
79	235
79	248
79	253
80	80
80	129
80	130
80	131
80	132
80	133
80	136
80	138
80	140
80	142
80	143
80	144
80	148
80	153
80	157
80	160
80	162
80	163
80	165
80	166
80	167
80	169
80	174
80	177
80	178
80	181
80	183
80	185
80	186
80	189
80	190
80	191
80	192
80	193
80	194
80	195
80	197
80	203
80	206
80	207
80	208
80	209
80	212
80	217
80	221
80	224
80	225
80	227
80	229
80	230
80	231
80	233
80	236
80	239
80	240
80	243
80	245
80	246
80	248
80	249
80	250
80	253
80	254
80	255
81	81
81	132
81	133
81	136
81	138
81	139
81	140
81	141
81	142
81	143
81	144
81	148
81	150
81	151
81	153
81	154
81	160
81	163
81	164
81	165
81	166
81	167
81	168
81	169
81	170
81	174
81	175
81	179
81	190
81	191
81	192
81	193
81	195
81	198
81	199
81	200
81	202
81	203
81	204
81	205
81	207
81	208
81	211
81	215
81	217
81	220
81	221
81	225
81	229
81	232
81	233
81	235
81	236
81	237
81	241
81	243
81	245
81	248
81	251
81	254
82	82
82	129
82	131
82	132
82	137
82	142
82	143
82	144
82	149
82	150
82	152
82	156
82	157
82	158
82	161
82	162
82	165
82	167
82	169
82	171
82	175
82	176
82	177
82	179
82	184
82	186
82	187
82	188
82	189
82	193
82	199
82	201
82	204
82	206
82	208
82	210
82	211
82	214
82	217
82	219
82	220
82	222
82	224
82	226
82	227
82	228
82	230
82	232
82	233
82	236
82	239
82	240
82	242
82	243
82	247
82	249
82	250
82	251
82	254
82	255
83	83
83	129
83	130
83	131
83	137
83	139
83	141
83	145
83	146
83	147
83	149
83	150
83	154
83	155
83	157
83	159
83	162
83	163
83	164
83	167
83	168
83	169
83	170
83	171
83	177
83	179
83	180
83	181
83	189
83	190
83	193
83	196
83	204
83	206
83	210
83	214
83	222
83	224
83	226
83	227
83	229
83	230
83	233
83	239
83	242
83	243
83	245
83	249
84	84
84	130
84	132
84	133
84	135
84	137
84	140
84	142
84	143
84	148
84	149
84	153
84	154
84	156
84	158
84	160
84	165
84	166
84	167
84	171
84	172
84	174
84	175
84	176
84	178
84	180
84	181
84	184
84	185
84	186
84	187
84	188
84	191
84	192
84	194
84	195
84	197
84	198
84	199
84	201
84	202
84	203
84	205
84	208
84	209
84	210
84	213
84	214
84	215
84	217
84	219
84	220
84	224
84	225
84	226
84	230
84	233
84	237
84	240
84	242
84	243
84	246
84	247
84	248
84	249
84	250
84	255
85	85
85	131
85	132
85	136
85	137
85	138
85	140
85	142
85	143
85	144
85	145
85	147
85	149
85	150
85	155
85	156
85	160
85	162
85	164
85	165
85	166
85	167
85	169
85	171
85	176
85	177
85	178
85	181
85	183
85	185
85	186
85	188
85	189
85	193
85	194
85	198
85	201
85	202
85	205
85	209
85	211
85	212
85	213
85	214
85	215
85	219
85	227
85	231
85	232
85	235
85	237
85	239
85	241
85	242
85	243
85	246
85	247
85	251
85	253
86	86
86	129
86	131
86	132
86	133
86	136
86	137
86	140
86	141
86	143
86	144
86	147
86	148
86	151
86	153
86	154
86	155
86	156
86	157
86	158
86	159
86	160
86	161
86	162
86	166
86	167
86	168
86	169
86	175
86	176
86	177
86	186
86	187
86	188
86	189
86	199
86	200
86	201
86	206
86	208
86	211
86	217
86	219
86	220
86	228
86	230
86	232
86	233
86	234
86	236
86	243
86	247
86	251
86	254
86	255
87	87
87	128
87	129
87	131
87	132
87	139
87	140
87	141
87	142
87	143
87	144
87	147
87	150
87	153
87	154
87	156
87	157
87	158
87	160
87	161
87	163
87	164
87	165
87	166
87	168
87	169
87	170
87	173
87	175
87	177
87	179
87	181
87	183
87	185
87	186
87	187
87	190
87	191
87	192
87	194
87	195
87	197
87	199
87	200
87	202
87	203
87	204
87	212
87	213
87	218
87	219
87	220
87	221
87	223
87	225
87	229
87	230
87	233
87	239
87	240
87	243
87	245
87	248
87	249
87	253
87	254
87	255
88	88
88	129
88	130
88	133
88	135
88	142
88	148
88	149
88	157
88	158
88	160
88	161
88	165
88	166
88	169
88	174
88	179
88	180
88	181
88	183
88	186
88	187
88	189
88	191
88	192
88	195
88	203
88	204
88	206
88	209
88	211
88	218
88	221
88	222
88	224
88	225
88	231
88	232
88	235
88	237
88	242
88	246
88	248
88	250
88	251
89	89
89	131
89	133
89	135
89	141
89	142
89	143
89	147
89	148
89	151
89	158
89	160
89	161
89	164
89	166
89	167
89	168
89	169
89	171
89	174
89	177
89	184
89	185
89	187
89	191
89	194
89	197
89	200
89	205
89	208
89	209
89	210
89	211
89	212
89	214
89	215
89	216
89	218
89	225
89	226
89	227
89	230
89	231
89	232
89	235
89	237
89	246
89	249
89	250
89	251
89	253
89	255
90	90
90	128
90	132
90	133
90	137
90	140
90	144
90	147
90	148
90	154
90	158
90	160
90	161
90	162
90	164
90	166
90	172
90	173
90	174
90	175
90	178
90	179
90	181
90	183
90	185
90	188
90	189
90	194
90	197
90	198
90	199
90	200
90	202
90	204
90	205
90	206
90	209
90	213
90	215
90	217
90	218
90	220
90	223
90	224
90	227
90	230
90	231
90	233
90	235
90	237
90	240
90	243
90	246
90	247
90	249
90	254
91	91
91	128
91	129
91	131
91	133
91	136
91	137
91	138
91	139
91	141
91	142
91	143
91	144
91	145
91	146
91	147
91	148
91	150
91	153
91	154
91	155
91	157
91	158
91	160
91	161
91	163
91	165
91	168
91	170
91	171
91	173
91	177
91	178
91	180
91	183
91	184
91	185
91	188
91	189
91	190
91	191
91	192
91	193
91	194
91	195
91	200
91	203
91	208
91	210
91	212
91	213
91	214
91	221
91	223
91	224
91	225
91	226
91	229
91	230
91	233
91	245
91	248
91	249
91	250
91	254
91	255
92	92
92	135
92	137
92	144
92	145
92	151
92	153
92	155
92	156
92	159
92	174
92	175
92	181
92	184
92	185
92	186
92	187
92	188
92	189
92	191
92	192
92	194
92	195
92	197
92	199
92	200
92	201
92	203
92	205
92	207
92	209
92	211
92	212
92	213
92	215
92	218
92	219
92	220
92	221
92	224
92	225
92	227
92	231
92	232
92	233
92	235
92	236
92	239
92	240
92	243
92	246
92	250
92	251
92	253
92	254
93	93
93	129
93	130
93	131
93	132
93	133
93	137
93	140
93	141
93	142
93	144
93	145
93	148
93	155
93	157
93	159
93	162
93	163
93	165
93	167
93	168
93	169
93	171
93	172
93	174
93	175
93	177
93	178
93	179
93	180
93	181
93	183
93	185
93	187
93	188
93	190
93	191
93	192
93	193
93	194
93	195
93	196
93	198
93	199
93	202
93	203
93	204
93	205
93	206
93	207
93	208
93	209
93	210
93	211
93	214
93	215
93	218
93	220
93	221
93	224
93	225
93	226
93	229
93	230
93	231
93	232
93	235
93	236
93	239
93	240
93	243
93	245
93	246
93	248
93	249
93	251
93	254
94	94
94	130
94	131
94	133
94	146
94	148
94	149
94	153
94	154
94	158
94	161
94	163
94	169
94	170
94	172
94	176
94	177
94	178
94	180
94	184
94	187
94	189
94	190
94	191
94	192
94	195
94	197
94	198
94	202
94	205
94	208
94	209
94	211
94	212
94	213
94	215
94	221
94	222
94	224
94	225
94	229
94	231
94	232
94	235
94	237
94	240
94	242
94	243
94	245
94	246
94	247
94	251
94	255
95	95
95	130
95	131
95	137
95	140
95	141
95	147
95	149
95	151
95	152
95	153
95	156
95	159
95	163
95	164
95	167
95	168
95	171
95	175
95	176
95	177
95	179
95	181
95	186
95	188
95	190
95	191
95	192
95	193
95	195
95	199
95	200
95	201
95	203
95	204
95	205
95	209
95	210
95	211
95	213
95	214
95	215
95	218
95	219
95	220
95	221
95	222
95	224
95	225
95	226
95	227
95	229
95	230
95	231
95	232
95	235
95	237
95	239
95	240
95	242
95	245
95	246
95	247
95	248
95	249
95	251
95	255
96	96
96	131
96	133
96	136
96	137
96	141
96	142
96	143
96	144
96	148
96	149
96	150
96	153
96	154
96	158
96	160
96	161
96	162
96	165
96	166
96	168
96	171
96	177
96	180
96	189
96	191
96	192
96	195
96	202
96	205
96	207
96	208
96	210
96	213
96	214
96	215
96	221
96	224
96	225
96	226
96	230
96	235
96	236
96	237
96	238
96	239
96	240
96	242
96	249
96	254
97	97
97	129
97	131
97	133
97	135
97	137
97	141
97	142
97	143
97	144
97	145
97	146
97	148
97	150
97	151
97	154
97	155
97	157
97	159
97	160
97	163
97	165
97	166
97	168
97	169
97	174
97	175
97	177
97	181
97	184
97	185
97	190
97	194
97	199
97	200
97	206
97	207
97	208
97	209
97	211
97	212
97	213
97	218
97	220
97	222
97	229
97	231
97	232
97	233
97	235
97	236
97	237
97	239
97	243
97	245
97	251
97	254
97	255
98	98
98	129
98	131
98	132
98	133
98	135
98	137
98	139
98	140
98	143
98	147
98	148
98	150
98	154
98	157
98	158
98	161
98	162
98	169
98	170
98	171
98	174
98	177
98	178
98	179
98	181
98	183
98	184
98	187
98	191
98	192
98	195
98	198
98	202
98	203
98	204
98	206
98	209
98	210
98	214
98	217
98	218
98	221
98	222
98	224
98	225
98	226
98	230
98	231
98	233
98	237
98	239
98	241
98	246
98	248
98	249
98	250
99	99
99	129
99	131
99	132
99	136
99	137
99	140
99	142
99	145
99	146
99	151
99	155
99	156
99	157
99	158
99	161
99	163
99	165
99	167
99	169
99	172
99	175
99	177
99	178
99	179
99	180
99	183
99	185
99	186
99	189
99	191
99	192
99	194
99	195
99	198
99	199
99	200
99	201
99	202
99	204
99	205
99	206
99	211
99	213
99	217
99	219
99	220
99	221
99	224
99	225
99	229
99	230
99	232
99	235
99	239
99	240
99	243
99	249
99	250
99	251
99	253
99	255
100	100
100	129
100	131
100	132
100	133
100	138
100	139
100	140
100	142
100	143
100	147
100	148
100	150
100	153
100	156
100	157
100	159
100	160
100	166
100	167
100	169
100	170
100	171
100	175
100	176
100	177
100	178
100	183
100	185
100	186
100	187
100	189
100	190
100	191
100	192
100	193
100	194
100	195
100	197
100	199
100	201
100	203
100	206
100	208
100	210
100	212
100	213
100	214
100	217
100	219
100	220
100	221
100	222
100	224
100	225
100	226
100	233
100	240
100	245
100	247
100	248
100	250
100	253
101	101
101	128
101	130
101	131
101	133
101	135
101	142
101	143
101	146
101	147
101	148
101	149
101	150
101	151
101	153
101	154
101	156
101	159
101	160
101	162
101	164
101	165
101	166
101	167
101	171
101	172
101	174
101	175
101	177
101	178
101	180
101	184
101	185
101	186
101	187
101	188
101	189
101	191
101	192
101	194
101	195
101	197
101	198
101	199
101	201
101	202
101	203
101	205
101	206
101	208
101	209
101	210
101	213
101	214
101	215
101	217
101	219
101	220
101	221
101	222
101	225
101	226
101	230
101	235
101	239
101	240
101	242
101	243
101	246
101	248
101	249
101	253
101	255
102	102
102	129
102	130
102	131
102	132
102	137
102	138
102	139
102	140
102	142
102	151
102	157
102	163
102	165
102	167
102	169
102	170
102	172
102	174
102	175
102	177
102	180
102	181
102	183
102	185
102	186
102	189
102	190
102	191
102	192
102	193
102	194
102	195
102	198
102	199
102	200
102	206
102	210
102	211
102	214
102	217
102	220
102	221
102	225
102	226
102	229
102	230
102	232
102	233
102	235
102	239
102	240
102	243
102	245
102	249
102	250
102	251
103	103
103	128
103	129
103	135
103	141
103	146
103	147
103	149
103	150
103	151
103	154
103	157
103	163
103	168
103	172
103	175
103	178
103	185
103	190
103	194
103	198
103	199
103	201
103	202
103	209
103	213
103	217
103	220
103	222
103	227
103	229
103	231
103	235
103	237
103	242
103	243
103	245
103	246
103	253
103	255
104	104
104	129
104	131
104	133
104	134
104	136
104	137
104	138
104	139
104	142
104	143
104	145
104	146
104	147
104	148
104	149
104	150
104	151
104	154
104	155
104	157
104	158
104	161
104	163
104	164
104	165
104	167
104	170
104	172
104	177
104	178
104	180
104	181
104	183
104	185
104	188
104	190
104	191
104	192
104	193
104	194
104	195
104	198
104	200
104	202
104	203
104	206
104	213
104	218
104	221
104	222
104	225
104	230
104	232
104	233
104	237
104	240
104	242
104	243
104	245
104	248
104	249
104	251
104	253
105	105
105	129
105	132
105	133
105	135
105	137
105	138
105	143
105	146
105	148
105	149
105	151
105	153
105	154
105	157
105	158
105	160
105	161
105	162
105	163
105	166
105	167
105	169
105	171
105	172
105	174
105	175
105	176
105	178
105	180
105	181
105	183
105	184
105	187
105	190
105	193
105	197
105	198
105	199
105	200
105	202
105	205
105	206
105	208
105	210
105	211
105	212
105	213
105	214
105	215
105	217
105	220
105	222
105	224
105	226
105	229
105	230
105	232
105	233
105	235
105	242
105	243
105	245
105	247
105	249
105	250
105	251
105	255
106	106
106	137
106	139
106	144
106	145
106	146
106	149
106	150
106	151
106	155
106	156
106	158
106	160
106	161
106	162
106	163
106	166
106	169
106	170
106	172
106	174
106	176
106	178
106	179
106	180
106	181
106	184
106	186
106	187
106	188
106	190
106	197
106	198
106	200
106	201
106	202
106	205
106	207
106	209
106	212
106	215
106	217
106	219
106	224
106	227
106	229
106	230
106	231
106	233
106	235
106	236
106	239
106	240
106	242
106	245
106	246
106	247
106	249
106	250
106	254
107	107
107	129
107	130
107	131
107	133
107	137
107	138
107	141
107	142
107	144
107	146
107	147
107	148
107	150
107	155
107	156
107	157
107	158
107	161
107	162
107	163
107	165
107	168
107	172
107	174
107	177
107	179
107	181
107	186
107	188
107	190
107	191
107	192
107	193
107	195
107	198
107	201
107	202
107	203
107	204
107	205
107	206
107	207
107	208
107	211
107	212
107	213
107	215
107	217
107	218
107	219
107	221
107	225
107	229
107	232
107	234
107	236
107	237
107	239
107	240
107	245
107	248
107	250
107	251
107	254
108	108
108	130
108	131
108	132
108	133
108	135
108	136
108	137
108	138
108	140
108	141
108	143
108	145
108	146
108	148
108	149
108	150
108	151
108	153
108	155
108	158
108	161
108	165
108	167
108	168
108	169
108	172
108	176
108	177
108	178
108	183
108	184
108	187
108	189
108	193
108	198
108	200
108	202
108	203
108	205
108	211
108	212
108	213
108	215
108	216
108	217
108	220
108	222
108	227
108	232
108	239
108	240
108	242
108	247
108	248
108	251
108	255
109	109
109	128
109	130
109	135
109	137
109	138
109	139
109	141
109	144
109	146
109	147
109	150
109	153
109	154
109	156
109	158
109	161
109	162
109	164
109	167
109	168
109	169
109	170
109	171
109	172
109	173
109	174
109	178
109	179
109	180
109	185
109	186
109	189
109	193
109	194
109	197
109	198
109	201
109	202
109	204
109	206
109	209
109	210
109	214
109	217
109	218
109	219
109	223
109	224
109	226
109	231
109	235
109	237
109	239
109	246
109	253
109	254
109	255
110	110
110	129
110	130
110	133
110	135
110	136
110	139
110	141
110	143
110	144
110	146
110	147
110	148
110	150
110	154
110	155
110	156
110	157
110	158
110	159
110	160
110	161
110	166
110	168
110	170
110	171
110	173
110	175
110	179
110	180
110	183
110	184
110	186
110	189
110	191
110	192
110	195
110	199
110	201
110	204
110	206
110	208
110	209
110	210
110	214
110	217
110	218
110	219
110	220
110	221
110	224
110	225
110	226
110	231
110	237
110	240
110	242
110	246
110	250
110	253
110	254
110	255
111	111
111	131
111	132
111	137
111	139
111	140
111	143
111	144
111	145
111	146
111	149
111	151
111	155
111	158
111	159
111	161
111	162
111	164
111	165
111	170
111	172
111	174
111	175
111	177
111	178
111	180
111	183
111	184
111	185
111	187
111	189
111	191
111	192
111	194
111	195
111	198
111	199
111	200
111	202
111	203
111	205
111	207
111	208
111	209
111	213
111	215
111	216
111	217
111	220
111	221
111	222
111	225
111	227
111	230
111	231
111	235
111	236
111	242
111	246
111	248
111	249
111	253
111	254
112	112
112	130
112	135
112	139
112	140
112	143
112	144
112	145
112	149
112	151
112	155
112	158
112	161
112	163
112	170
112	171
112	172
112	178
112	180
112	185
112	187
112	190
112	191
112	192
112	194
112	195
112	198
112	200
112	202
112	205
112	207
112	208
112	209
112	210
112	214
112	215
112	217
112	221
112	224
112	225
112	226
112	227
112	229
112	231
112	233
112	235
112	236
112	239
112	242
112	243
112	245
112	250
112	254
113	113
113	130
113	133
113	135
113	136
113	137
113	138
113	139
113	141
113	142
113	145
113	148
113	150
113	155
113	159
113	162
113	164
113	167
113	168
113	169
113	170
113	172
113	174
113	176
113	179
113	180
113	189
113	191
113	192
113	193
113	195
113	197
113	198
113	202
113	204
113	205
113	208
113	209
113	211
113	212
113	215
113	216
113	218
113	221
113	225
113	227
113	230
113	231
113	232
113	233
113	235
113	237
113	239
113	240
113	246
113	247
113	249
113	251
113	253
113	255
114	114
114	130
114	131
114	132
114	135
114	139
114	140
114	141
114	142
114	150
114	151
114	154
114	156
114	160
114	162
114	163
114	164
114	165
114	166
114	168
114	170
114	172
114	175
114	177
114	179
114	181
114	183
114	184
114	186
114	187
114	189
114	190
114	192
114	195
114	197
114	198
114	199
114	200
114	201
114	202
114	204
114	208
114	209
114	211
114	212
114	213
114	219
114	220
114	221
114	222
114	225
114	227
114	229
114	230
114	231
114	232
114	233
114	235
114	237
114	239
114	245
114	246
114	249
114	251
114	253
115	115
115	132
115	135
115	138
115	139
115	140
115	141
115	143
115	144
115	145
115	147
115	149
115	153
115	155
115	156
115	159
115	163
115	167
115	168
115	169
115	170
115	171
115	172
115	174
115	178
115	179
115	181
115	185
115	186
115	188
115	189
115	190
115	193
115	194
115	198
115	201
115	202
115	203
115	204
115	207
115	208
115	210
115	211
115	213
115	214
115	217
115	218
115	219
115	220
115	221
115	222
115	226
115	229
115	232
115	236
115	240
115	245
115	248
115	250
115	251
115	254
115	255
116	116
116	129
116	132
116	136
116	139
116	140
116	141
116	144
116	146
116	149
116	154
116	156
116	157
116	158
116	160
116	161
116	163
116	164
116	166
116	168
116	169
116	170
116	174
116	176
116	180
116	183
116	184
116	185
116	186
116	188
116	190
116	193
116	194
116	196
116	198
116	201
116	202
116	203
116	205
116	206
116	207
116	208
116	212
116	215
116	219
116	222
116	226
116	229
116	230
116	233
116	236
116	237
116	240
116	242
116	245
116	247
116	248
116	249
116	254
117	117
117	129
117	130
117	131
117	137
117	139
117	142
117	144
117	145
117	151
117	155
117	156
117	160
117	163
117	164
117	165
117	166
117	167
117	168
117	170
117	171
117	172
117	174
117	175
117	177
117	179
117	183
117	185
117	186
117	188
117	189
117	190
117	191
117	192
117	194
117	195
117	198
117	199
117	200
117	201
117	202
117	204
117	206
117	207
117	208
117	209
117	210
117	211
117	213
117	214
117	219
117	220
117	221
117	224
117	225
117	226
117	229
117	230
117	231
117	232
117	233
117	236
117	239
117	244
117	245
117	246
117	249
117	250
117	251
117	254
117	255
118	118
118	129
118	131
118	132
118	133
118	135
118	136
118	137
118	138
118	139
118	140
118	143
118	148
118	149
118	150
118	151
118	153
118	157
118	158
118	161
118	163
118	164
118	169
118	170
118	171
118	176
118	177
118	178
118	179
118	181
118	184
118	185
118	187
118	189
118	190
118	193
118	194
118	200
118	201
118	203
118	204
118	206
118	209
118	210
118	211
118	212
118	213
118	214
118	224
118	226
118	229
118	231
118	232
118	233
118	237
118	239
118	240
118	242
118	243
118	245
118	246
118	247
118	248
118	251
118	253
119	119
119	137
119	139
119	141
119	142
119	144
119	145
119	148
119	149
119	150
119	155
119	158
119	159
119	160
119	161
119	165
119	166
119	168
119	169
119	170
119	172
119	176
119	179
119	180
119	183
119	185
119	191
119	192
119	194
119	195
119	197
119	198
119	202
119	203
119	204
119	205
119	207
119	209
119	211
119	221
119	225
119	230
119	231
119	232
119	233
119	236
119	242
119	246
119	247
119	248
119	249
119	251
119	254
120	120
120	131
120	137
120	139
120	143
120	145
120	146
120	147
120	153
120	155
120	158
120	159
120	160
120	161
120	166
120	169
120	170
120	171
120	172
120	175
120	177
120	179
120	183
120	185
120	191
120	192
120	194
120	195
120	198
120	199
120	202
120	203
120	204
120	213
120	214
120	218
120	220
120	221
120	225
120	230
120	232
120	233
120	239
120	248
120	249
120	251
120	253
121	121
121	130
121	132
121	133
121	134
121	135
121	137
121	139
121	140
121	141
121	146
121	148
121	149
121	150
121	151
121	156
121	167
121	168
121	170
121	171
121	176
121	178
121	179
121	183
121	189
121	197
121	200
121	201
121	204
121	205
121	208
121	210
121	214
121	215
121	217
121	218
121	226
121	227
121	229
121	230
121	233
121	235
121	237
121	239
121	242
121	243
121	247
121	249
121	253
121	255
122	122
122	129
122	131
122	135
122	136
122	137
122	138
122	142
122	143
122	144
122	150
122	151
122	153
122	154
122	157
122	158
122	159
122	160
122	161
122	162
122	164
122	165
122	166
122	167
122	172
122	177
122	179
122	180
122	181
122	185
122	188
122	191
122	192
122	193
122	194
122	195
122	197
122	198
122	199
122	200
122	202
122	204
122	205
122	206
122	207
122	209
122	215
122	217
122	218
122	220
122	221
122	225
122	227
122	229
122	230
122	231
122	236
122	240
122	246
122	249
122	250
122	254
123	123
123	133
123	134
123	135
123	136
123	137
123	138
123	141
123	145
123	146
123	147
123	148
123	153
123	155
123	156
123	159
123	163
123	164
123	167
123	168
123	169
123	172
123	175
123	178
123	179
123	180
123	181
123	185
123	186
123	190
123	191
123	192
123	193
123	194
123	195
123	197
123	198
123	199
123	201
123	202
123	204
123	205
123	208
123	211
123	213
123	215
123	217
123	219
123	220
123	221
123	222
123	225
123	227
123	232
123	233
123	237
123	240
123	245
123	250
123	251
123	253
123	255
124	124
124	129
124	131
124	132
124	133
124	136
124	137
124	138
124	139
124	140
124	142
124	143
124	144
124	146
124	148
124	149
124	150
124	151
124	153
124	154
124	156
124	157
124	158
124	160
124	161
124	165
124	167
124	169
124	170
124	172
124	177
124	183
124	184
124	185
124	186
124	187
124	188
124	189
124	191
124	192
124	193
124	194
124	195
124	198
124	200
124	201
124	202
124	203
124	206
124	207
124	208
124	209
124	213
124	217
124	219
124	221
124	225
124	227
124	230
124	231
124	233
124	236
124	242
124	243
124	246
124	248
124	249
124	253
124	254
124	255
125	125
125	130
125	131
125	136
125	137
125	138
125	139
125	142
125	145
125	147
125	151
125	154
125	155
125	156
125	158
125	159
125	161
125	163
125	165
125	170
125	171
125	174
125	175
125	176
125	177
125	181
125	183
125	184
125	185
125	186
125	187
125	188
125	190
125	191
125	192
125	193
125	194
125	195
125	199
125	200
125	201
125	210
125	211
125	212
125	214
125	217
125	219
125	220
125	221
125	225
125	226
125	229
125	232
125	233
125	235
125	239
125	240
125	245
125	246
125	247
125	250
125	251
126	126
126	130
126	131
126	132
126	135
126	136
126	137
126	140
126	142
126	149
126	151
126	154
126	155
126	158
126	161
126	165
126	167
126	175
126	176
126	177
126	179
126	183
126	184
126	189
126	191
126	192
126	195
126	199
126	200
126	203
126	204
126	209
126	211
126	213
126	220
126	221
126	222
126	224
126	225
126	231
126	232
126	233
126	234
126	237
126	239
126	240
126	242
126	246
126	247
126	248
126	250
126	251
127	127
127	130
127	131
127	133
127	135
127	138
127	139
127	141
127	142
127	146
127	148
127	151
127	153
127	156
127	162
127	163
127	165
127	168
127	170
127	177
127	178
127	183
127	184
127	186
127	188
127	189
127	190
127	193
127	197
127	200
127	201
127	205
127	206
127	208
127	213
127	215
127	219
127	227
127	229
127	230
127	245
127	249
127	253
127	255