0	7
0	9
0	15
0	23
0	27
0	35
0	43
0	45
0	47
0	51
0	57
0	59
0	67
0	69
0	71
0	75
0	79
0	81
0	83
0	91
0	93
0	95
0	99
0	107
0	115
0	117
0	123
0	131
0	139
0	141
0	144
1	0
1	8
1	10
1	16
1	24
1	28
1	36
1	44
1	46
1	48
1	52
1	58
1	60
1	68
1	70
1	72
1	76
1	80
1	82
1	84
1	92
1	94
1	100
1	108
1	116
1	118
1	124
1	132
1	140
1	142
1	145
2	1
2	9
2	11
2	17
2	25
2	29
2	37
2	45
2	47
2	49
2	53
2	59
2	61
2	69
2	71
2	73
2	77
2	81
2	83
2	85
2	93
2	95
2	101
2	109
2	117
2	119
2	125
2	133
2	141
2	143
2	146
3	2
3	10
3	12
3	18
3	24
3	26
3	30
3	38
3	46
3	48
3	50
3	54
3	60
3	62
3	70
3	72
3	74
3	78
3	82
3	84
3	86
3	94
3	96
3	102
3	110
3	118
3	120
3	126
3	134
3	142
3	147
4	3
4	11
4	13
4	19
4	25
4	27
4	31
4	39
4	47
4	49
4	51
4	55
4	61
4	63
4	71
4	73
4	75
4	79
4	83
4	85
4	87
4	95
4	97
4	103
4	111
4	119
4	121
4	127
4	135
4	143
4	148
5	4
5	12
5	14
5	20
5	24
5	26
5	28
5	32
5	40
5	48
5	50
5	52
5	56
5	62
5	64
5	72
5	74
5	76
5	80
5	84
5	86
5	88
5	96
5	98
5	104
5	112
5	120
5	122
5	128
5	136
5	149
6	5
6	13
6	15
6	21
6	25
6	27
6	29
6	33
6	41
6	49
6	51
6	53
6	57
6	63
6	65
6	73
6	75
6	77
6	81
6	85
6	87
6	89
6	97
6	99
6	105
6	113
6	121
6	123
6	129
6	137
6	150
7	6
7	14
7	16
7	22
7	26
7	28
7	30
7	34
7	42
7	50
7	52
7	54
7	58
7	64
7	66
7	74
7	76
7	78
7	82
7	86
7	88
7	90
7	98
7	100
7	106
7	114
7	122
7	124
7	130
7	138
7	151
8	7
8	15
8	17
8	23
8	27
8	29
8	31
8	35
8	43
8	51
8	53
8	55
8	59
8	65
8	67
8	75
8	77
8	79
8	83
8	87
8	89
8	91
8	99
8	101
8	107
8	115
8	123
8	125
8	131
8	139
8	152
9	0
9	8
9	16
9	18
9	28
9	30
9	32
9	36
9	44
9	52
9	54
9	56
9	60
9	66
9	68
9	76
9	78
9	80
9	84
9	88
9	90
9	92
9	100
9	102
9	108
9	116
9	124
9	126
9	132
9	140
9	153
10	1
10	9
10	17
10	19
10	29
10	31
10	33
10	37
10	45
10	53
10	55
10	57
10	61
10	67
10	69
10	77
10	79
10	81
10	85
10	89
10	91
10	93
10	101
10	103
10	109
10	117
10	125
10	127
10	133
10	141
10	154
11	2
11	10
11	18
11	20
11	30
11	32
11	34
11	38
11	46
11	54
11	56
11	58
11	62
11	68
11	70
11	78
11	80
11	82
11	86
11	90
11	92
11	94
11	102
11	104
11	110
11	118
11	126
11	128
11	134
11	142
11	155
12	3
12	11
12	19
12	21
12	31
12	33
12	35
12	39
12	47
12	55
12	57
12	59
12	63
12	69
12	71
12	79
12	81
12	83
12	87
12	91
12	93
12	95
12	103
12	105
12	111
12	119
12	127
12	129
12	135
12	143
12	156
13	4
13	12
13	20
13	22
13	24
13	32
13	34
13	36
13	40
13	48
13	56
13	58
13	60
13	64
13	70
13	72
13	80
13	82
13	84
13	88
13	92
13	94
13	96
13	104
13	106
13	112
13	120
13	128
13	130
13	136
13	157
14	5
14	13
14	21
14	23
14	25
14	33
14	35
14	37
14	41
14	49
14	57
14	59
14	61
14	65
14	71
14	73
14	81
14	83
14	85
14	89
14	93
14	95
14	97
14	105
14	107
14	113
14	121
14	129
14	131
14	137
14	158
15	0
15	6
15	14
15	22
15	26
15	34
15	36
15	38
15	42
15	48
15	50
15	58
15	60
15	62
15	66
15	72
15	74
15	82
15	84
15	86
15	90
15	94
15	98
15	106
15	108
15	114
15	122
15	130
15	132
15	138
15	159
16	1
16	7
16	15
16	23
16	27
16	35
16	37
16	39
16	43
16	49
16	51
16	59
16	61
16	63
16	67
16	73
16	75
16	83
16	85
16	87
16	91
16	95
16	99
16	107
16	109
16	115
16	123
16	131
16	133
16	139
16	160
17	0
17	2
17	8
17	16
17	28
17	36
17	38
17	40
17	44
17	50
17	52
17	60
17	62
17	64
17	68
17	72
17	74
17	76
17	84
17	86
17	88
17	92
17	100
17	108
17	110
17	116
17	124
17	132
17	134
17	140
17	161
18	1
18	3
18	9
18	17
18	29
18	37
18	39
18	41
18	45
18	51
18	53
18	61
18	63
18	65
18	69
18	73
18	75
18	77
18	85
18	87
18	89
18	93
18	101
18	109
18	111
18	117
18	125
18	133
18	135
18	141
18	162
19	2
19	4
19	10
19	18
19	30
19	38
19	40
19	42
19	46
19	52
19	54
19	62
19	64
19	66
19	70
19	74
19	76
19	78
19	86
19	88
19	90
19	94
19	102
19	110
19	112
19	118
19	126
19	134
19	136
19	142
19	163
20	3
20	5
20	11
20	19
20	31
20	39
20	41
20	43
20	47
20	53
20	55
20	63
20	65
20	67
20	71
20	75
20	77
20	79
20	87
20	89
20	91
20	95
20	103
20	111
20	113
20	119
20	127
20	135
20	137
20	143
20	164
21	4
21	6
21	12
21	20
21	24
21	32
21	40
21	42
21	44
21	48
21	54
21	56
21	64
21	66
21	68
21	72
21	76
21	78
21	80
21	88
21	90
21	92
21	96
21	104
21	112
21	114
21	120
21	128
21	136
21	138
21	165
22	5
22	7
22	13
22	21
22	25
22	33
22	41
22	43
22	45
22	49
22	55
22	57
22	65
22	67
22	69
22	73
22	77
22	79
22	81
22	89
22	91
22	93
22	97
22	105
22	113
22	115
22	121
22	129
22	137
22	139
22	166
23	6
23	8
23	14
23	22
23	26
23	34
23	42
23	44
23	46
23	50
23	56
23	58
23	66
23	68
23	70
23	74
23	78
23	80
23	82
23	90
23	92
23	94
23	98
23	106
23	114
23	116
23	122
23	130
23	138
23	140
23	167
24	1
24	15
24	27
24	37
24	39
24	49
24	51
24	61
24	63
24	73
24	75
24	85
24	87
24	99
24	105
24	109
24	123
24	129
24	133
24	168
25	2
25	16
25	28
25	38
25	40
25	50
25	52
25	62
25	64
25	74
25	76
25	86
25	88
25	100
25	106
25	110
25	124
25	130
25	134
25	169
26	3
26	17
26	29
26	39
26	41
26	51
26	53
26	63
26	65
26	75
26	77
26	87
26	89
26	101
26	107
26	111
26	125
26	131
26	135
26	170
27	4
27	18
27	30
27	40
27	42
27	52
27	54
27	64
27	66
27	76
27	78
27	88
27	90
27	102
27	108
27	112
27	126
27	132
27	136
27	171
28	5
28	19
28	31
28	41
28	43
28	53
28	55
28	65
28	67
28	77
28	79
28	89
28	91
28	103
28	109
28	113
28	127
28	133
28	137
28	172
29	6
29	20
29	32
29	42
29	44
29	54
29	56
29	66
29	68
29	78
29	80
29	90
29	92
29	104
29	110
29	114
29	128
29	134
29	138
29	173
30	7
30	21
30	33
30	43
30	45
30	55
30	57
30	67
30	69
30	79
30	81
30	91
30	93
30	105
30	111
30	115
30	129
30	135
30	139
30	174
31	8
31	22
31	34
31	44
31	46
31	56
31	58
31	68
31	70
31	80
31	82
31	92
31	94
31	106
31	112
31	116
31	130
31	136
31	140
31	175
32	9
32	23
32	35
32	45
32	47
32	57
32	59
32	69
32	71
32	81
32	83
32	93
32	95
32	107
32	113
32	117
32	131
32	137
32	141
32	176
33	0
33	10
33	24
33	36
33	46
33	48
33	58
33	60
33	70
33	72
33	82
33	84
33	94
33	108
33	114
33	118
33	132
33	138
33	142
33	177
34	1
34	11
34	25
34	37
34	47
34	49
34	59
34	61
34	71
34	73
34	83
34	85
34	95
34	109
34	115
34	119
34	133
34	139
34	143
34	178
35	2
35	12
35	24
35	26
35	38
35	48
35	50
35	60
35	62
35	72
35	74
35	84
35	86
35	96
35	110
35	116
35	120
35	134
35	140
35	179
36	3
36	13
36	25
36	27
36	39
36	49
36	51
36	61
36	63
36	73
36	75
36	85
36	87
36	97
36	111
36	117
36	121
36	135
36	141
36	180
37	4
37	14
37	26
37	28
37	40
37	50
37	52
37	62
37	64
37	74
37	76
37	86
37	88
37	98
37	112
37	118
37	122
37	136
37	142
37	181
38	5
38	15
38	27
38	29
38	41
38	51
38	53
38	63
38	65
38	75
38	77
38	87
38	89
38	99
38	113
38	119
38	123
38	137
38	143
38	182
39	6
39	16
39	28
39	30
39	42
39	52
39	54
39	64
39	66
39	76
39	78
39	88
39	90
39	96
39	100
39	114
39	120
39	124
39	138
39	183
40	7
40	17
40	29
40	31
40	43
40	53
40	55
40	65
40	67
40	77
40	79
40	89
40	91
40	97
40	101
40	115
40	121
40	125
40	139
40	184
41	8
41	18
41	30
41	32
41	44
41	54
41	56
41	66
41	68
41	78
41	80
41	90
41	92
41	98
41	102
41	116
41	122
41	126
41	140
41	185
42	9
42	19
42	31
42	33
42	45
42	55
42	57
42	67
42	69
42	79
42	81
42	91
42	93
42	99
42	103
42	117
42	123
42	127
42	141
42	186
43	10
43	20
43	32
43	34
43	46
43	56
43	58
43	68
43	70
43	80
43	82
43	92
43	94
43	100
43	104
43	118
43	124
43	128
43	142
43	187
44	11
44	21
44	33
44	35
44	47
44	57
44	59
44	69
44	71
44	81
44	83
44	93
44	95
44	101
44	105
44	119
44	125
44	129
44	143
44	188
45	12
45	22
45	24
45	34
45	36
45	48
45	58
45	60
45	70
45	72
45	82
45	84
45	94
45	96
45	102
45	106
45	120
45	126
45	130
45	189
46	13
46	23
46	25
46	35
46	37
46	49
46	59
46	61
46	71
46	73
46	83
46	85
46	95
46	97
46	103
46	107
46	121
46	127
46	131
46	190
47	0
47	14
47	26
47	36
47	38
47	48
47	50
47	60
47	62
47	72
47	74
47	84
47	86
47	98
47	104
47	108
47	122
47	128
47	132
47	191
48	0
48	11
48	17
48	20
48	24
48	29
48	32
48	36
48	47
48	48
48	53
48	56
48	60
48	68
48	71
48	72
48	77
48	80
48	83
48	84
48	92
48	95
48	101
48	104
48	108
48	113
48	119
48	125
48	128
48	132
48	137
48	143
48	192
49	1
49	12
49	18
49	21
49	24
49	25
49	30
49	33
49	37
49	48
49	49
49	54
49	57
49	61
49	69
49	72
49	73
49	78
49	81
49	84
49	85
49	93
49	96
49	102
49	105
49	109
49	114
49	120
49	126
49	129
49	133
49	138
49	193
50	2
50	13
50	19
50	22
50	25
50	26
50	31
50	34
50	38
50	49
50	50
50	55
50	58
50	62
50	70
50	73
50	74
50	79
50	82
50	85
50	86
50	94
50	97
50	103
50	106
50	110
50	115
50	121
50	127
50	130
50	134
50	139
50	194
51	3
51	14
51	20
51	23
51	26
51	27
51	32
51	35
51	39
51	50
51	51
51	56
51	59
51	63
51	71
51	74
51	75
51	80
51	83
51	86
51	87
51	95
51	98
51	104
51	107
51	111
51	116
51	122
51	128
51	131
51	135
51	140
51	195
52	0
52	4
52	15
52	21
52	27
52	28
52	33
52	36
52	40
52	48
52	51
52	52
52	57
52	60
52	64
52	72
52	75
52	76
52	81
52	84
52	87
52	88
52	99
52	105
52	108
52	112
52	117
52	123
52	129
52	132
52	136
52	141
52	196
53	1
53	5
53	16
53	22
53	28
53	29
53	34
53	37
53	41
53	49
53	52
53	53
53	58
53	61
53	65
53	73
53	76
53	77
53	82
53	85
53	88
53	89
53	100
53	106
53	109
53	113
53	118
53	124
53	130
53	133
53	137
53	142
53	197
54	2
54	6
54	17
54	23
54	29
54	30
54	35
54	38
54	42
54	50
54	53
54	54
54	59
54	62
54	66
54	74
54	77
54	78
54	83
54	86
54	89
54	90
54	101
54	107
54	110
54	114
54	119
54	125
54	131
54	134
54	138
54	143
54	198
55	0
55	3
55	7
55	18
55	30
55	31
55	36
55	39
55	43
55	51
55	54
55	55
55	60
55	63
55	67
55	75
55	78
55	79
55	84
55	87
55	90
55	91
55	96
55	102
55	108
55	111
55	115
55	120
55	126
55	132
55	135
55	139
55	199
56	1
56	4
56	8
56	19
56	31
56	32
56	37
56	40
56	44
56	52
56	55
56	56
56	61
56	64
56	68
56	76
56	79
56	80
56	85
56	88
56	91
56	92
56	97
56	103
56	109
56	112
56	116
56	121
56	127
56	133
56	136
56	140
56	200
57	2
57	5
57	9
57	20
57	32
57	33
57	38
57	41
57	45
57	53
57	56
57	57
57	62
57	65
57	69
57	77
57	80
57	81
57	86
57	89
57	92
57	93
57	98
57	104
57	110
57	113
57	117
57	122
57	128
57	134
57	137
57	141
57	201
58	3
58	6
58	10
58	21
58	33
58	34
58	39
58	42
58	46
58	54
58	57
58	58
58	63
58	66
58	70
58	78
58	81
58	82
58	87
58	90
58	93
58	94
58	99
58	105
58	111
58	114
58	118
58	123
58	129
58	135
58	138
58	142
58	202
59	4
59	7
59	11
59	22
59	34
59	35
59	40
59	43
59	47
59	55
59	58
59	59
59	64
59	67
59	71
59	79
59	82
59	83
59	88
59	91
59	94
59	95
59	100
59	106
59	112
59	115
59	119
59	124
59	130
59	136
59	139
59	143
59	203
60	5
60	8
60	12
60	23
60	24
60	35
60	36
60	41
60	44
60	48
60	56
60	59
60	60
60	65
60	68
60	72
60	80
60	83
60	84
60	89
60	92
60	95
60	96
60	101
60	107
60	113
60	116
60	120
60	125
60	131
60	137
60	140
60	204
61	0
61	6
61	9
61	13
61	25
61	36
61	37
61	42
61	45
61	49
61	57
61	60
61	61
61	66
61	69
61	72
61	73
61	81
61	84
61	85
61	90
61	93
61	97
61	102
61	108
61	114
61	117
61	121
61	126
61	132
61	138
61	141
61	205
62	1
62	7
62	10
62	14
62	26
62	37
62	38
62	43
62	46
62	50
62	58
62	61
62	62
62	67
62	70
62	73
62	74
62	82
62	85
62	86
62	91
62	94
62	98
62	103
62	109
62	115
62	118
62	122
62	127
62	133
62	139
62	142
62	206
63	2
63	8
63	11
63	15
63	27
63	38
63	39
63	44
63	47
63	51
63	59
63	62
63	63
63	68
63	71
63	74
63	75
63	83
63	86
63	87
63	92
63	95
63	99
63	104
63	110
63	116
63	119
63	123
63	128
63	134
63	140
63	143
63	207
64	3
64	9
64	12
64	16
64	24
64	28
64	39
64	40
64	45
64	48
64	52
64	60
64	63
64	64
64	69
64	72
64	75
64	76
64	84
64	87
64	88
64	93
64	96
64	100
64	105
64	111
64	117
64	120
64	124
64	129
64	135
64	141
64	208
65	4
65	10
65	13
65	17
65	25
65	29
65	40
65	41
65	46
65	49
65	53
65	61
65	64
65	65
65	70
65	73
65	76
65	77
65	85
65	88
65	89
65	94
65	97
65	101
65	106
65	112
65	118
65	121
65	125
65	130
65	136
65	142
65	209
66	5
66	11
66	14
66	18
66	26
66	30
66	41
66	42
66	47
66	50
66	54
66	62
66	65
66	66
66	71
66	74
66	77
66	78
66	86
66	89
66	90
66	95
66	98
66	102
66	107
66	113
66	119
66	122
66	126
66	131
66	137
66	143
66	210
67	6
67	12
67	15
67	19
67	24
67	27
67	31
67	42
67	43
67	48
67	51
67	55
67	63
67	66
67	67
67	72
67	75
67	78
67	79
67	87
67	90
67	91
67	96
67	99
67	103
67	108
67	114
67	120
67	123
67	127
67	132
67	138
67	211
68	7
68	13
68	16
68	20
68	25
68	28
68	32
68	43
68	44
68	49
68	52
68	56
68	64
68	67
68	68
68	73
68	76
68	79
68	80
68	88
68	91
68	92
68	97
68	100
68	104
68	109
68	115
68	121
68	124
68	128
68	133
68	139
68	212
69	8
69	14
69	17
69	21
69	26
69	29
69	33
69	44
69	45
69	50
69	53
69	57
69	65
69	68
69	69
69	74
69	77
69	80
69	81
69	89
69	92
69	93
69	98
69	101
69	105
69	110
69	116
69	122
69	125
69	129
69	134
69	140
69	213
70	9
70	15
70	18
70	22
70	27
70	30
70	34
70	45
70	46
70	51
70	54
70	58
70	66
70	69
70	70
70	75
70	78
70	81
70	82
70	90
70	93
70	94
70	99
70	102
70	106
70	111
70	117
70	123
70	126
70	130
70	135
70	141
70	214
71	10
71	16
71	19
71	23
71	28
71	31
71	35
71	46
71	47
71	52
71	55
71	59
71	67
71	70
71	71
71	76
71	79
71	82
71	83
71	91
71	94
71	95
71	100
71	103
71	107
71	112
71	118
71	124
71	127
71	131
71	136
71	142
71	215
72	1
72	2
72	3
72	8
72	25
72	37
72	38
72	39
72	44
72	49
72	51
72	61
72	62
72	63
72	68
72	73
72	75
72	85
72	86
72	87
72	92
72	98
72	109
72	110
72	111
72	116
72	122
72	133
72	134
72	135
72	140
72	216
73	2
73	3
73	4
73	9
73	26
73	38
73	39
73	40
73	45
73	50
73	52
73	62
73	63
73	64
73	69
73	74
73	76
73	86
73	87
73	88
73	93
73	99
73	110
73	111
73	112
73	117
73	123
73	134
73	135
73	136
73	141
73	217
74	3
74	4
74	5
74	10
74	27
74	39
74	40
74	41
74	46
74	51
74	53
74	63
74	64
74	65
74	70
74	75
74	77
74	87
74	88
74	89
74	94
74	100
74	111
74	112
74	113
74	118
74	124
74	135
74	136
74	137
74	142
74	218
75	4
75	5
75	6
75	11
75	28
75	40
75	41
75	42
75	47
75	52
75	54
75	64
75	65
75	66
75	71
75	76
75	78
75	88
75	89
75	90
75	95
75	101
75	112
75	113
75	114
75	119
75	125
75	136
75	137
75	138
75	143
75	219
76	5
76	6
76	7
76	12
76	24
76	29
76	41
76	42
76	43
76	48
76	53
76	55
76	65
76	66
76	67
76	72
76	77
76	79
76	89
76	90
76	91
76	96
76	102
76	113
76	114
76	115
76	120
76	126
76	137
76	138
76	139
76	220
77	6
77	7
77	8
77	13
77	25
77	30
77	42
77	43
77	44
77	49
77	54
77	56
77	66
77	67
77	68
77	73
77	78
77	80
77	90
77	91
77	92
77	97
77	103
77	114
77	115
77	116
77	121
77	127
77	138
77	139
77	140
77	221
78	7
78	8
78	9
78	14
78	26
78	31
78	43
78	44
78	45
78	50
78	55
78	57
78	67
78	68
78	69
78	74
78	79
78	81
78	91
78	92
78	93
78	98
78	104
78	115
78	116
78	117
78	122
78	128
78	139
78	140
78	141
78	222
79	8
79	9
79	10
79	15
79	27
79	32
79	44
79	45
79	46
79	51
79	56
79	58
79	68
79	69
79	70
79	75
79	80
79	82
79	92
79	93
79	94
79	99
79	105
79	116
79	117
79	118
79	123
79	129
79	140
79	141
79	142
79	223
80	9
80	10
80	11
80	16
80	28
80	33
80	45
80	46
80	47
80	52
80	57
80	59
80	69
80	70
80	71
80	76
80	81
80	83
80	93
80	94
80	95
80	100
80	106
80	117
80	118
80	119
80	124
80	130
80	141
80	142
80	143
80	224
81	10
81	11
81	12
81	17
81	24
81	29
81	34
81	46
81	47
81	48
81	53
81	58
81	60
81	70
81	71
81	72
81	77
81	82
81	84
81	94
81	95
81	96
81	101
81	107
81	118
81	119
81	120
81	125
81	131
81	142
81	143
81	225
82	11
82	12
82	13
82	18
82	24
82	25
82	30
82	35
82	47
82	48
82	49
82	54
82	59
82	61
82	71
82	72
82	73
82	78
82	83
82	85
82	95
82	96
82	97
82	102
82	108
82	119
82	120
82	121
82	126
82	132
82	143
82	226
83	12
83	13
83	14
83	19
83	24
83	25
83	26
83	31
83	36
83	48
83	49
83	50
83	55
83	60
83	62
83	72
83	73
83	74
83	79
83	84
83	86
83	96
83	97
83	98
83	103
83	109
83	120
83	121
83	122
83	127
83	133
83	227
84	13
84	14
84	15
84	20
84	25
84	26
84	27
84	32
84	37
84	49
84	50
84	51
84	56
84	61
84	63
84	73
84	74
84	75
84	80
84	85
84	87
84	97
84	98
84	99
84	104
84	110
84	121
84	122
84	123
84	128
84	134
84	228
85	14
85	15
85	16
85	21
85	26
85	27
85	28
85	33
85	38
85	50
85	51
85	52
85	57
85	62
85	64
85	74
85	75
85	76
85	81
85	86
85	88
85	98
85	99
85	100
85	105
85	111
85	122
85	123
85	124
85	129
85	135
85	229
86	15
86	16
86	17
86	22
86	27
86	28
86	29
86	34
86	39
86	51
86	52
86	53
86	58
86	63
86	65
86	75
86	76
86	77
86	82
86	87
86	89
86	99
86	100
86	101
86	106
86	112
86	123
86	124
86	125
86	130
86	136
86	230
87	16
87	17
87	18
87	23
87	28
87	29
87	30
87	35
87	40
87	52
87	53
87	54
87	59
87	64
87	66
87	76
87	77
87	78
87	83
87	88
87	90
87	100
87	101
87	102
87	107
87	113
87	124
87	125
87	126
87	131
87	137
87	231
88	0
88	17
88	18
88	19
88	29
88	30
88	31
88	36
88	41
88	53
88	54
88	55
88	60
88	65
88	67
88	77
88	78
88	79
88	84
88	89
88	91
88	101
88	102
88	103
88	108
88	114
88	125
88	126
88	127
88	132
88	138
88	232
89	1
89	18
89	19
89	20
89	30
89	31
89	32
89	37
89	42
89	54
89	55
89	56
89	61
89	66
89	68
89	78
89	79
89	80
89	85
89	90
89	92
89	102
89	103
89	104
89	109
89	115
89	126
89	127
89	128
89	133
89	139
89	233
90	2
90	19
90	20
90	21
90	31
90	32
90	33
90	38
90	43
90	55
90	56
90	57
90	62
90	67
90	69
90	79
90	80
90	81
90	86
90	91
90	93
90	103
90	104
90	105
90	110
90	116
90	127
90	128
90	129
90	134
90	140
90	234
91	3
91	20
91	21
91	22
91	32
91	33
91	34
91	39
91	44
91	56
91	57
91	58
91	63
91	68
91	70
91	80
91	81
91	82
91	87
91	92
91	94
91	104
91	105
91	106
91	111
91	117
91	128
91	129
91	130
91	135
91	141
91	235
92	4
92	21
92	22
92	23
92	33
92	34
92	35
92	40
92	45
92	57
92	58
92	59
92	64
92	69
92	71
92	81
92	82
92	83
92	88
92	93
92	95
92	105
92	106
92	107
92	112
92	118
92	129
92	130
92	131
92	136
92	142
92	236
93	0
93	5
93	22
93	23
93	34
93	35
93	36
93	41
93	46
93	48
93	58
93	59
93	60
93	65
93	70
93	72
93	82
93	83
93	84
93	89
93	94
93	106
93	107
93	108
93	113
93	119
93	130
93	131
93	132
93	137
93	143
93	237
94	0
94	1
94	6
94	23
94	35
94	36
94	37
94	42
94	47
94	49
94	59
94	60
94	61
94	66
94	71
94	73
94	83
94	84
94	85
94	90
94	95
94	96
94	107
94	108
94	109
94	114
94	120
94	131
94	132
94	133
94	138
94	238
95	0
95	1
95	2
95	7
95	24
95	36
95	37
95	38
95	43
95	48
95	50
95	60
95	61
95	62
95	67
95	72
95	74
95	84
95	85
95	86
95	91
95	97
95	108
95	109
95	110
95	115
95	121
95	132
95	133
95	134
95	139
95	239
96	16
96	19
96	21
96	22
96	28
96	31
96	33
96	34
96	52
96	55
96	57
96	58
96	76
96	79
96	81
96	82
96	93
96	100
96	103
96	105
96	106
96	112
96	115
96	124
96	127
96	129
96	130
96	139
96	240
97	17
97	20
97	22
97	23
97	29
97	32
97	34
97	35
97	53
97	56
97	58
97	59
97	77
97	80
97	82
97	83
97	94
97	101
97	104
97	106
97	107
97	113
97	116
97	125
97	128
97	130
97	131
97	140
97	241
98	0
98	18
98	21
98	23
98	30
98	33
98	35
98	36
98	54
98	57
98	59
98	60
98	78
98	81
98	83
98	84
98	95
98	102
98	105
98	107
98	108
98	114
98	117
98	126
98	129
98	131
98	132
98	141
98	242
99	0
99	1
99	19
99	22
99	31
99	34
99	36
99	37
99	55
99	58
99	60
99	61
99	72
99	79
99	82
99	84
99	85
99	103
99	106
99	108
99	109
99	115
99	118
99	127
99	130
99	132
99	133
99	142
99	243
100	1
100	2
100	20
100	23
100	32
100	35
100	37
100	38
100	56
100	59
100	61
100	62
100	73
100	80
100	83
100	85
100	86
100	104
100	107
100	109
100	110
100	116
100	119
100	128
100	131
100	133
100	134
100	143
100	244
101	0
101	2
101	3
101	21
101	33
101	36
101	38
101	39
101	57
101	60
101	62
101	63
101	74
101	81
101	84
101	86
101	87
101	96
101	105
101	108
101	110
101	111
101	117
101	120
101	129
101	132
101	134
101	135
101	245
102	1
102	3
102	4
102	22
102	34
102	37
102	39
102	40
102	58
102	61
102	63
102	64
102	75
102	82
102	85
102	87
102	88
102	97
102	106
102	109
102	111
102	112
102	118
102	121
102	130
102	133
102	135
102	136
102	246
103	2
103	4
103	5
103	23
103	35
103	38
103	40
103	41
103	59
103	62
103	64
103	65
103	76
103	83
103	86
103	88
103	89
103	98
103	107
103	110
103	112
103	113
103	119
103	122
103	131
103	134
103	136
103	137
103	247
104	0
104	3
104	5
104	6
104	36
104	39
104	41
104	42
104	60
104	63
104	65
104	66
104	77
104	84
104	87
104	89
104	90
104	96
104	99
104	108
104	111
104	113
104	114
104	123
104	132
104	135
104	137
104	138
104	248
105	1
105	4
105	6
105	7
105	37
105	40
105	42
105	43
105	61
105	64
105	66
105	67
105	78
105	85
105	88
105	90
105	91
105	97
105	100
105	109
105	112
105	114
105	115
105	124
105	133
105	136
105	138
105	139
105	249
106	2
106	5
106	7
106	8
106	38
106	41
106	43
106	44
106	62
106	65
106	67
106	68
106	79
106	86
106	89
106	91
106	92
106	98
106	101
106	110
106	113
106	115
106	116
106	125
106	134
106	137
106	139
106	140
106	250
107	3
107	6
107	8
107	9
107	39
107	42
107	44
107	45
107	63
107	66
107	68
107	69
107	80
107	87
107	90
107	92
107	93
107	99
107	102
107	111
107	114
107	116
107	117
107	126
107	135
107	138
107	140
107	141
107	251
108	4
108	7
108	9
108	10
108	40
108	43
108	45
108	46
108	64
108	67
108	69
108	70
108	81
108	88
108	91
108	93
108	94
108	100
108	103
108	112
108	115
108	117
108	118
108	127
108	136
108	139
108	141
108	142
108	252
109	5
109	8
109	10
109	11
109	41
109	44
109	46
109	47
109	65
109	68
109	70
109	71
109	82
109	89
109	92
109	94
109	95
109	101
109	104
109	113
109	116
109	118
109	119
109	128
109	137
109	140
109	142
109	143
109	253
110	6
110	9
110	11
110	12
110	24
110	42
110	45
110	47
110	48
110	66
110	69
110	71
110	72
110	83
110	90
110	93
110	95
110	96
110	102
110	105
110	114
110	117
110	119
110	120
110	129
110	138
110	141
110	143
110	254
111	7
111	10
111	12
111	13
111	24
111	25
111	43
111	46
111	48
111	49
111	67
111	70
111	72
111	73
111	84
111	91
111	94
111	96
111	97
111	103
111	106
111	115
111	118
111	120
111	121
111	130
111	139
111	142
111	255
112	8
112	11
112	13
112	14
112	25
112	26
112	44
112	47
112	49
112	50
112	68
112	71
112	73
112	74
112	85
112	92
112	95
112	97
112	98
112	104
112	107
112	116
112	119
112	121
112	122
112	131
112	140
112	143
112	256
113	9
113	12
113	14
113	15
113	24
113	26
113	27
113	45
113	48
113	50
113	51
113	69
113	72
113	74
113	75
113	86
113	93
113	96
113	98
113	99
113	105
113	108
113	117
113	120
113	122
113	123
113	132
113	141
113	257
114	10
114	13
114	15
114	16
114	25
114	27
114	28
114	46
114	49
114	51
114	52
114	70
114	73
114	75
114	76
114	87
114	94
114	97
114	99
114	100
114	106
114	109
114	118
114	121
114	123
114	124
114	133
114	142
114	258
115	11
115	14
115	16
115	17
115	26
115	28
115	29
115	47
115	50
115	52
115	53
115	71
115	74
115	76
115	77
115	88
115	95
115	98
115	100
115	101
115	107
115	110
115	119
115	122
115	124
115	125
115	134
115	143
115	259
116	12
116	15
116	17
116	18
116	24
116	27
116	29
116	30
116	48
116	51
116	53
116	54
116	72
116	75
116	77
116	78
116	89
116	96
116	99
116	101
116	102
116	108
116	111
116	120
116	123
116	125
116	126
116	135
116	260
117	13
117	16
117	18
117	19
117	25
117	28
117	30
117	31
117	49
117	52
117	54
117	55
117	73
117	76
117	78
117	79
117	90
117	97
117	100
117	102
117	103
117	109
117	112
117	121
117	124
117	126
117	127
117	136
117	261
118	14
118	17
118	19
118	20
118	26
118	29
118	31
118	32
118	50
118	53
118	55
118	56
118	74
118	77
118	79
118	80
118	91
118	98
118	101
118	103
118	104
118	110
118	113
118	122
118	125
118	127
118	128
118	137
118	262
119	15
119	18
119	20
119	21
119	27
119	30
119	32
119	33
119	51
119	54
119	56
119	57
119	75
119	78
119	80
119	81
119	92
119	99
119	102
119	104
119	105
119	111
119	114
119	123
119	126
119	128
119	129
119	138
119	263
120	1
120	6
120	8
120	11
120	37
120	42
120	44
120	47
120	49
120	61
120	66
120	68
120	71
120	73
120	80
120	85
120	90
120	92
120	95
120	107
120	109
120	114
120	116
120	119
120	133
120	138
120	140
120	143
120	264
121	2
121	7
121	9
121	12
121	24
121	38
121	43
121	45
121	48
121	50
121	62
121	67
121	69
121	72
121	74
121	81
121	86
121	91
121	93
121	96
121	108
121	110
121	115
121	117
121	120
121	134
121	139
121	141
121	265
122	3
122	8
122	10
122	13
122	25
122	39
122	44
122	46
122	49
122	51
122	63
122	68
122	70
122	73
122	75
122	82
122	87
122	92
122	94
122	97
122	109
122	111
122	116
122	118
122	121
122	135
122	140
122	142
122	266
123	4
123	9
123	11
123	14
123	26
123	40
123	45
123	47
123	50
123	52
123	64
123	69
123	71
123	74
123	76
123	83
123	88
123	93
123	95
123	98
123	110
123	112
123	117
123	119
123	122
123	136
123	141
123	143
123	267
124	5
124	10
124	12
124	15
124	24
124	27
124	41
124	46
124	48
124	51
124	53
124	65
124	70
124	72
124	75
124	77
124	84
124	89
124	94
124	96
124	99
124	111
124	113
124	118
124	120
124	123
124	137
124	142
124	268
125	6
125	11
125	13
125	16
125	25
125	28
125	42
125	47
125	49
125	52
125	54
125	66
125	71
125	73
125	76
125	78
125	85
125	90
125	95
125	97
125	100
125	112
125	114
125	119
125	121
125	124
125	138
125	143
125	269
126	7
126	12
126	14
126	17
126	24
126	26
126	29
126	43
126	48
126	50
126	53
126	55
126	67
126	72
126	74
126	77
126	79
126	86
126	91
126	96
126	98
126	101
126	113
126	115
126	120
126	122
126	125
126	139
126	270
127	8
127	13
127	15
127	18
127	25
127	27
127	30
127	44
127	49
127	51
127	54
127	56
127	68
127	73
127	75
127	78
127	80
127	87
127	92
127	97
127	99
127	102
127	114
127	116
127	121
127	123
127	126
127	140
127	271
128	9
128	14
128	16
128	19
128	26
128	28
128	31
128	45
128	50
128	52
128	55
128	57
128	69
128	74
128	76
128	79
128	81
128	88
128	93
128	98
128	100
128	103
128	115
128	117
128	122
128	124
128	127
128	141
128	272
129	10
129	15
129	17
129	20
129	27
129	29
129	32
129	46
129	51
129	53
129	56
129	58
129	70
129	75
129	77
129	80
129	82
129	89
129	94
129	99
129	101
129	104
129	116
129	118
129	123
129	125
129	128
129	142
129	273
130	11
130	16
130	18
130	21
130	28
130	30
130	33
130	47
130	52
130	54
130	57
130	59
130	71
130	76
130	78
130	81
130	83
130	90
130	95
130	100
130	102
130	105
130	117
130	119
130	124
130	126
130	129
130	143
130	274
131	12
131	17
131	19
131	22
131	24
131	29
131	31
131	34
131	48
131	53
131	55
131	58
131	60
131	72
131	77
131	79
131	82
131	84
131	91
131	96
131	101
131	103
131	106
131	118
131	120
131	125
131	127
131	130
131	275
132	13
132	18
132	20
132	23
132	25
132	30
132	32
132	35
132	49
132	54
132	56
132	59
132	61
132	73
132	78
132	80
132	83
132	85
132	92
132	97
132	102
132	104
132	107
132	119
132	121
132	126
132	128
132	131
132	276
133	0
133	14
133	19
133	21
133	26
133	31
133	33
133	36
133	50
133	55
133	57
133	60
133	62
133	74
133	79
133	81
133	84
133	86
133	93
133	96
133	98
133	103
133	105
133	108
133	122
133	127
133	129
133	132
133	277
134	1
134	15
134	20
134	22
134	27
134	32
134	34
134	37
134	51
134	56
134	58
134	61
134	63
134	75
134	80
134	82
134	85
134	87
134	94
134	97
134	99
134	104
134	106
134	109
134	123
134	128
134	130
134	133
134	278
135	2
135	16
135	21
135	23
135	28
135	33
135	35
135	38
135	52
135	57
135	59
135	62
135	64
135	76
135	81
135	83
135	86
135	88
135	95
135	98
135	100
135	105
135	107
135	110
135	124
135	129
135	131
135	134
135	279
136	0
136	3
136	17
136	22
136	29
136	34
136	36
136	39
136	53
136	58
136	60
136	63
136	65
136	72
136	77
136	82
136	84
136	87
136	89
136	99
136	101
136	106
136	108
136	111
136	125
136	130
136	132
136	135
136	280
137	1
137	4
137	18
137	23
137	30
137	35
137	37
137	40
137	54
137	59
137	61
137	64
137	66
137	73
137	78
137	83
137	85
137	88
137	90
137	100
137	102
137	107
137	109
137	112
137	126
137	131
137	133
137	136
137	281
138	0
138	2
138	5
138	19
138	31
138	36
138	38
138	41
138	55
138	60
138	62
138	65
138	67
138	74
138	79
138	84
138	86
138	89
138	91
138	101
138	103
138	108
138	110
138	113
138	127
138	132
138	134
138	137
138	282
139	1
139	3
139	6
139	20
139	32
139	37
139	39
139	42
139	56
139	61
139	63
139	66
139	68
139	75
139	80
139	85
139	87
139	90
139	92
139	102
139	104
139	109
139	111
139	114
139	128
139	133
139	135
139	138
139	283
140	2
140	4
140	7
140	21
140	33
140	38
140	40
140	43
140	57
140	62
140	64
140	67
140	69
140	76
140	81
140	86
140	88
140	91
140	93
140	103
140	105
140	110
140	112
140	115
140	129
140	134
140	136
140	139
140	284
141	3
141	5
141	8
141	22
141	34
141	39
141	41
141	44
141	58
141	63
141	65
141	68
141	70
141	77
141	82
141	87
141	89
141	92
141	94
141	104
141	106
141	111
141	113
141	116
141	130
141	135
141	137
141	140
141	285
142	4
142	6
142	9
142	23
142	35
142	40
142	42
142	45
142	59
142	64
142	66
142	69
142	71
142	78
142	83
142	88
142	90
142	93
142	95
142	105
142	107
142	112
142	114
142	117
142	131
142	136
142	138
142	141
142	286
143	0
143	5
143	7
143	10
143	36
143	41
143	43
143	46
143	48
143	60
143	65
143	67
143	70
143	72
143	79
143	84
143	89
143	91
143	94
143	106
143	108
143	113
143	115
143	118
143	132
143	137
143	139
143	142
143	287
144	5
144	11
144	41
144	47
144	53
144	65
144	71
144	77
144	85
144	89
144	95
144	107
144	113
144	119
144	137
144	143
144	288
145	6
145	12
145	24
145	42
145	48
145	54
145	66
145	72
145	78
145	86
145	90
145	96
145	108
145	114
145	120
145	138
145	289
146	7
146	13
146	25
146	43
146	49
146	55
146	67
146	73
146	79
146	87
146	91
146	97
146	109
146	115
146	121
146	139
146	290
147	8
147	14
147	26
147	44
147	50
147	56
147	68
147	74
147	80
147	88
147	92
147	98
147	110
147	116
147	122
147	140
147	291
148	9
148	15
148	27
148	45
148	51
148	57
148	69
148	75
148	81
148	89
148	93
148	99
148	111
148	117
148	123
148	141
148	292
149	10
149	16
149	28
149	46
149	52
149	58
149	70
149	76
149	82
149	90
149	94
149	100
149	112
149	118
149	124
149	142
149	293
150	11
150	17
150	29
150	47
150	53
150	59
150	71
150	77
150	83
150	91
150	95
150	101
150	113
150	119
150	125
150	143
150	294
151	12
151	18
151	24
151	30
151	48
151	54
151	60
151	72
151	78
151	84
151	92
151	96
151	102
151	114
151	120
151	126
151	295
152	13
152	19
152	25
152	31
152	49
152	55
152	61
152	73
152	79
152	85
152	93
152	97
152	103
152	115
152	121
152	127
152	296
153	14
153	20
153	26
153	32
153	50
153	56
153	62
153	74
153	80
153	86
153	94
153	98
153	104
153	116
153	122
153	128
153	297
154	15
154	21
154	27
154	33
154	51
154	57
154	63
154	75
154	81
154	87
154	95
154	99
154	105
154	117
154	123
154	129
154	298
155	16
155	22
155	28
155	34
155	52
155	58
155	64
155	72
155	76
155	82
155	88
155	100
155	106
155	118
155	124
155	130
155	299
156	17
156	23
156	29
156	35
156	53
156	59
156	65
156	73
156	77
156	83
156	89
156	101
156	107
156	119
156	125
156	131
156	300
157	0
157	18
157	30
157	36
157	54
157	60
157	66
157	74
157	78
157	84
157	90
157	96
157	102
157	108
157	126
157	132
157	301
158	1
158	19
158	31
158	37
158	55
158	61
158	67
158	75
158	79
158	85
158	91
158	97
158	103
158	109
158	127
158	133
158	302
159	2
159	20
159	32
159	38
159	56
159	62
159	68
159	76
159	80
159	86
159	92
159	98
159	104
159	110
159	128
159	134
159	303
160	3
160	21
160	33
160	39
160	57
160	63
160	69
160	77
160	81
160	87
160	93
160	99
160	105
160	111
160	129
160	135
160	304
161	4
161	22
161	34
161	40
161	58
161	64
161	70
161	78
161	82
161	88
161	94
161	100
161	106
161	112
161	130
161	136
161	305
162	5
162	23
162	35
162	41
162	59
162	65
162	71
162	79
162	83
162	89
162	95
162	101
162	107
162	113
162	131
162	137
162	306
163	0
163	6
163	36
163	42
163	48
163	60
163	66
163	72
163	80
163	84
163	90
163	102
163	108
163	114
163	132
163	138
163	307
164	1
164	7
164	37
164	43
164	49
164	61
164	67
164	73
164	81
164	85
164	91
164	103
164	109
164	115
164	133
164	139
164	308
165	2
165	8
165	38
165	44
165	50
165	62
165	68
165	74
165	82
165	86
165	92
165	104
165	110
165	116
165	134
165	140
165	309
166	3
166	9
166	39
166	45
166	51
166	63
166	69
166	75
166	83
166	87
166	93
166	105
166	111
166	117
166	135
166	141
166	310
167	4
167	10
167	40
167	46
167	52
167	64
167	70
167	76
167	84
167	88
167	94
167	106
167	112
167	118
167	136
167	142
167	311
168	4
168	5
168	8
168	17
168	29
168	40
168	44
168	53
168	64
168	68
168	88
168	92
168	100
168	101
168	112
168	113
168	116
168	125
168	136
168	137
168	140
168	312
169	5
169	6
169	9
169	18
169	30
169	41
169	45
169	54
169	65
169	69
169	89
169	93
169	101
169	102
169	113
169	114
169	117
169	126
169	137
169	138
169	141
169	313
170	6
170	7
170	10
170	19
170	31
170	42
170	46
170	55
170	66
170	70
170	90
170	94
170	102
170	103
170	114
170	115
170	118
170	127
170	138
170	139
170	142
170	314
171	7
171	8
171	11
171	20
171	32
171	43
171	47
171	56
171	67
171	71
171	91
171	95
171	103
171	104
171	115
171	116
171	119
171	128
171	139
171	140
171	143
171	315
172	8
172	9
172	12
172	21
172	24
172	33
172	44
172	48
172	57
172	68
172	72
172	92
172	96
172	104
172	105
172	116
172	117
172	120
172	129
172	140
172	141
172	316
173	9
173	10
173	13
173	22
173	25
173	34
173	45
173	49
173	58
173	69
173	73
173	93
173	97
173	105
173	106
173	117
173	118
173	121
173	130
173	141
173	142
173	317
174	10
174	11
174	14
174	23
174	26
174	35
174	46
174	50
174	59
174	70
174	74
174	94
174	98
174	106
174	107
174	118
174	119
174	122
174	131
174	142
174	143
174	318
175	0
175	11
175	12
175	15
175	27
175	36
175	47
175	51
175	60
175	71
175	75
175	95
175	96
175	99
175	107
175	108
175	119
175	120
175	123
175	132
175	143
175	319
176	1
176	12
176	13
176	16
176	24
176	28
176	37
176	48
176	52
176	61
176	72
176	76
176	96
176	97
176	100
176	108
176	109
176	120
176	121
176	124
176	133
176	320
177	2
177	13
177	14
177	17
177	25
177	29
177	38
177	49
177	53
177	62
177	73
177	77
177	97
177	98
177	101
177	109
177	110
177	121
177	122
177	125
177	134
177	321
178	3
178	14
178	15
178	18
178	26
178	30
178	39
178	50
178	54
178	63
178	74
178	78
178	98
178	99
178	102
178	110
178	111
178	122
178	123
178	126
178	135
178	322
179	4
179	15
179	16
179	19
179	27
179	31
179	40
179	51
179	55
179	64
179	75
179	79
179	99
179	100
179	103
179	111
179	112
179	123
179	124
179	127
179	136
179	323
180	5
180	16
180	17
180	20
180	28
180	32
180	41
180	52
180	56
180	65
180	76
180	80
180	100
180	101
180	104
180	112
180	113
180	124
180	125
180	128
180	137
180	324
181	6
181	17
181	18
181	21
181	29
181	33
181	42
181	53
181	57
181	66
181	77
181	81
181	101
181	102
181	105
181	113
181	114
181	125
181	126
181	129
181	138
181	325
182	7
182	18
182	19
182	22
182	30
182	34
182	43
182	54
182	58
182	67
182	78
182	82
182	102
182	103
182	106
182	114
182	115
182	126
182	127
182	130
182	139
182	326
183	8
183	19
183	20
183	23
183	31
183	35
183	44
183	55
183	59
183	68
183	79
183	83
183	103
183	104
183	107
183	115
183	116
183	127
183	128
183	131
183	140
183	327
184	0
184	9
184	20
184	21
184	32
184	36
184	45
184	56
184	60
184	69
184	80
184	84
184	104
184	105
184	108
184	116
184	117
184	128
184	129
184	132
184	141
184	328
185	1
185	10
185	21
185	22
185	33
185	37
185	46
185	57
185	61
185	70
185	81
185	85
185	105
185	106
185	109
185	117
185	118
185	129
185	130
185	133
185	142
185	329
186	2
186	11
186	22
186	23
186	34
186	38
186	47
186	58
186	62
186	71
186	82
186	86
186	106
186	107
186	110
186	118
186	119
186	130
186	131
186	134
186	143
186	330
187	0
187	3
187	12
187	23
187	24
187	35
187	39
187	48
187	59
187	63
187	83
187	87
187	96
187	107
187	108
187	111
187	119
187	120
187	131
187	132
187	135
187	331
188	0
188	1
188	4
188	13
188	25
188	36
188	40
188	49
188	60
188	64
188	84
188	88
188	96
188	97
188	108
188	109
188	112
188	121
188	132
188	133
188	136
188	332
189	1
189	2
189	5
189	14
189	26
189	37
189	41
189	50
189	61
189	65
189	85
189	89
189	97
189	98
189	109
189	110
189	113
189	122
189	133
189	134
189	137
189	333
190	2
190	3
190	6
190	15
190	27
190	38
190	42
190	51
190	62
190	66
190	86
190	90
190	98
190	99
190	110
190	111
190	114
190	123
190	134
190	135
190	138
190	334
191	3
191	4
191	7
191	16
191	28
191	39
191	43
191	52
191	63
191	67
191	87
191	91
191	99
191	100
191	111
191	112
191	115
191	124
191	135
191	136
191	139
191	335
192	1
192	7
192	21
192	23
192	31
192	33
192	35
192	37
192	43
192	55
192	57
192	59
192	61
192	67
192	69
192	79
192	81
192	83
192	85
192	91
192	93
192	97
192	105
192	107
192	109
192	115
192	119
192	129
192	131
192	133
192	139
192	143
192	336
193	0
193	2
193	8
193	22
193	32
193	34
193	36
193	38
193	44
193	56
193	58
193	60
193	62
193	68
193	70
193	80
193	82
193	84
193	86
193	92
193	94
193	96
193	98
193	106
193	108
193	110
193	116
193	120
193	130
193	132
193	134
193	140
193	337
194	1
194	3
194	9
194	23
194	33
194	35
194	37
194	39
194	45
194	57
194	59
194	61
194	63
194	69
194	71
194	81
194	83
194	85
194	87
194	93
194	95
194	97
194	99
194	107
194	109
194	111
194	117
194	121
194	131
194	133
194	135
194	141
194	338
195	0
195	2
195	4
195	10
195	34
195	36
195	38
195	40
195	46
195	48
195	58
195	60
195	62
195	64
195	70
195	72
195	82
195	84
195	86
195	88
195	94
195	98
195	100
195	108
195	110
195	112
195	118
195	122
195	132
195	134
195	136
195	142
195	339
196	1
196	3
196	5
196	11
196	35
196	37
196	39
196	41
196	47
196	49
196	59
196	61
196	63
196	65
196	71
196	73
196	83
196	85
196	87
196	89
196	95
196	99
196	101
196	109
196	111
196	113
196	119
196	123
196	133
196	135
196	137
196	143
196	340
197	2
197	4
197	6
197	12
197	24
197	36
197	38
197	40
197	42
197	48
197	50
197	60
197	62
197	64
197	66
197	72
197	74
197	84
197	86
197	88
197	90
197	96
197	100
197	102
197	110
197	112
197	114
197	120
197	124
197	134
197	136
197	138
197	341
198	3
198	5
198	7
198	13
198	25
198	37
198	39
198	41
198	43
198	49
198	51
198	61
198	63
198	65
198	67
198	73
198	75
198	85
198	87
198	89
198	91
198	97
198	101
198	103
198	111
198	113
198	115
198	121
198	125
198	135
198	137
198	139
198	342
199	4
199	6
199	8
199	14
199	26
199	38
199	40
199	42
199	44
199	50
199	52
199	62
199	64
199	66
199	68
199	74
199	76
199	86
199	88
199	90
199	92
199	98
199	102
199	104
199	112
199	114
199	116
199	122
199	126
199	136
199	138
199	140
199	343
200	5
200	7
200	9
200	15
200	27
200	39
200	41
200	43
200	45
200	51
200	53
200	63
200	65
200	67
200	69
200	75
200	77
200	87
200	89
200	91
200	93
200	99
200	103
200	105
200	113
200	115
200	117
200	123
200	127
200	137
200	139
200	141
200	344
201	6
201	8
201	10
201	16
201	28
201	40
201	42
201	44
201	46
201	52
201	54
201	64
201	66
201	68
201	70
201	76
201	78
201	88
201	90
201	92
201	94
201	100
201	104
201	106
201	114
201	116
201	118
201	124
201	128
201	138
201	140
201	142
201	345
202	7
202	9
202	11
202	17
202	29
202	41
202	43
202	45
202	47
202	53
202	55
202	65
202	67
202	69
202	71
202	77
202	79
202	89
202	91
202	93
202	95
202	101
202	105
202	107
202	115
202	117
202	119
202	125
202	129
202	139
202	141
202	143
202	346
203	8
203	10
203	12
203	18
203	24
203	30
203	42
203	44
203	46
203	48
203	54
203	56
203	66
203	68
203	70
203	72
203	78
203	80
203	90
203	92
203	94
203	96
203	102
203	106
203	108
203	116
203	118
203	120
203	126
203	130
203	140
203	142
203	347
204	9
204	11
204	13
204	19
204	25
204	31
204	43
204	45
204	47
204	49
204	55
204	57
204	67
204	69
204	71
204	73
204	79
204	81
204	91
204	93
204	95
204	97
204	103
204	107
204	109
204	117
204	119
204	121
204	127
204	131
204	141
204	143
204	348
205	10
205	12
205	14
205	20
205	24
205	26
205	32
205	44
205	46
205	48
205	50
205	56
205	58
205	68
205	70
205	72
205	74
205	80
205	82
205	92
205	94
205	96
205	98
205	104
205	108
205	110
205	118
205	120
205	122
205	128
205	132
205	142
205	349
206	11
206	13
206	15
206	21
206	25
206	27
206	33
206	45
206	47
206	49
206	51
206	57
206	59
206	69
206	71
206	73
206	75
206	81
206	83
206	93
206	95
206	97
206	99
206	105
206	109
206	111
206	119
206	121
206	123
206	129
206	133
206	143
206	350
207	12
207	14
207	16
207	22
207	24
207	26
207	28
207	34
207	46
207	48
207	50
207	52
207	58
207	60
207	70
207	72
207	74
207	76
207	82
207	84
207	94
207	96
207	98
207	100
207	106
207	110
207	112
207	120
207	122
207	124
207	130
207	134
207	351
208	13
208	15
208	17
208	23
208	25
208	27
208	29
208	35
208	47
208	49
208	51
208	53
208	59
208	61
208	71
208	73
208	75
208	77
208	83
208	85
208	95
208	97
208	99
208	101
208	107
208	111
208	113
208	121
208	123
208	125
208	131
208	135
208	352
209	0
209	14
209	16
209	18
209	24
209	26
209	28
209	30
209	36
209	48
209	50
209	52
209	54
209	60
209	62
209	72
209	74
209	76
209	78
209	84
209	86
209	98
209	100
209	102
209	108
209	112
209	114
209	122
209	124
209	126
209	132
209	136
209	353
210	1
210	15
210	17
210	19
210	25
210	27
210	29
210	31
210	37
210	49
210	51
210	53
210	55
210	61
210	63
210	73
210	75
210	77
210	79
210	85
210	87
210	99
210	101
210	103
210	109
210	113
210	115
210	123
210	125
210	127
210	133
210	137
210	354
211	2
211	16
211	18
211	20
211	26
211	28
211	30
211	32
211	38
211	50
211	52
211	54
211	56
211	62
211	64
211	74
211	76
211	78
211	80
211	86
211	88
211	100
211	102
211	104
211	110
211	114
211	116
211	124
211	126
211	128
211	134
211	138
211	355
212	3
212	17
212	19
212	21
212	27
212	29
212	31
212	33
212	39
212	51
212	53
212	55
212	57
212	63
212	65
212	75
212	77
212	79
212	81
212	87
212	89
212	101
212	103
212	105
212	111
212	115
212	117
212	125
212	127
212	129
212	135
212	139
212	356
213	4
213	18
213	20
213	22
213	28
213	30
213	32
213	34
213	40
213	52
213	54
213	56
213	58
213	64
213	66
213	76
213	78
213	80
213	82
213	88
213	90
213	102
213	104
213	106
213	112
213	116
213	118
213	126
213	128
213	130
213	136
213	140
213	357
214	5
214	19
214	21
214	23
214	29
214	31
214	33
214	35
214	41
214	53
214	55
214	57
214	59
214	65
214	67
214	77
214	79
214	81
214	83
214	89
214	91
214	103
214	105
214	107
214	113
214	117
214	119
214	127
214	129
214	131
214	137
214	141
214	358
215	0
215	6
215	20
215	22
215	30
215	32
215	34
215	36
215	42
215	54
215	56
215	58
215	60
215	66
215	68
215	78
215	80
215	82
215	84
215	90
215	92
215	96
215	104
215	106
215	108
215	114
215	118
215	128
215	130
215	132
215	138
215	142
215	359
216	5
216	14
216	15
216	19
216	26
216	27
216	31
216	41
216	50
216	51
216	55
216	65
216	74
216	75
216	77
216	79
216	89
216	98
216	99
216	103
216	110
216	113
216	115
216	122
216	123
216	127
216	134
216	137
216	360
217	6
217	15
217	16
217	20
217	27
217	28
217	32
217	42
217	51
217	52
217	56
217	66
217	75
217	76
217	78
217	80
217	90
217	99
217	100
217	104
217	111
217	114
217	116
217	123
217	124
217	128
217	135
217	138
217	361
218	7
218	16
218	17
218	21
218	28
218	29
218	33
218	43
218	52
218	53
218	57
218	67
218	76
218	77
218	79
218	81
218	91
218	100
218	101
218	105
218	112
218	115
218	117
218	124
218	125
218	129
218	136
218	139
218	362
219	8
219	17
219	18
219	22
219	29
219	30
219	34
219	44
219	53
219	54
219	58
219	68
219	77
219	78
219	80
219	82
219	92
219	101
219	102
219	106
219	113
219	116
219	118
219	125
219	126
219	130
219	137
219	140
219	363
220	9
220	18
220	19
220	23
220	30
220	31
220	35
220	45
220	54
220	55
220	59
220	69
220	78
220	79
220	81
220	83
220	93
220	102
220	103
220	107
220	114
220	117
220	119
220	126
220	127
220	131
220	138
220	141
220	364
221	0
221	10
221	19
221	20
221	31
221	32
221	36
221	46
221	55
221	56
221	60
221	70
221	79
221	80
221	82
221	84
221	94
221	96
221	103
221	104
221	108
221	115
221	118
221	127
221	128
221	132
221	139
221	142
221	365
222	1
222	11
222	20
222	21
222	32
222	33
222	37
222	47
222	56
222	57
222	61
222	71
222	80
222	81
222	83
222	85
222	95
222	97
222	104
222	105
222	109
222	116
222	119
222	128
222	129
222	133
222	140
222	143
222	366
223	2
223	12
223	21
223	22
223	24
223	33
223	34
223	38
223	48
223	57
223	58
223	62
223	72
223	81
223	82
223	84
223	86
223	96
223	98
223	105
223	106
223	110
223	117
223	120
223	129
223	130
223	134
223	141
223	367
224	3
224	13
224	22
224	23
224	25
224	34
224	35
224	39
224	49
224	58
224	59
224	63
224	73
224	82
224	83
224	85
224	87
224	97
224	99
224	106
224	107
224	111
224	118
224	121
224	130
224	131
224	135
224	142
224	368
225	0
225	4
225	14
225	23
225	26
225	35
225	36
225	40
225	50
225	59
225	60
225	64
225	74
225	83
225	84
225	86
225	88
225	98
225	100
225	107
225	108
225	112
225	119
225	122
225	131
225	132
225	136
225	143
225	369
226	0
226	1
226	5
226	15
226	27
226	36
226	37
226	41
226	51
226	60
226	61
226	65
226	75
226	84
226	85
226	87
226	89
226	96
226	99
226	101
226	108
226	109
226	113
226	120
226	123
226	132
226	133
226	137
226	370
227	1
227	2
227	6
227	16
227	28
227	37
227	38
227	42
227	52
227	61
227	62
227	66
227	76
227	85
227	86
227	88
227	90
227	97
227	100
227	102
227	109
227	110
227	114
227	121
227	124
227	133
227	134
227	138
227	371
228	2
228	3
228	7
228	17
228	29
228	38
228	39
228	43
228	53
228	62
228	63
228	67
228	77
228	86
228	87
228	89
228	91
228	98
228	101
228	103
228	110
228	111
228	115
228	122
228	125
228	134
228	135
228	139
228	372
229	3
229	4
229	8
229	18
229	30
229	39
229	40
229	44
229	54
229	63
229	64
229	68
229	78
229	87
229	88
229	90
229	92
229	99
229	102
229	104
229	111
229	112
229	116
229	123
229	126
229	135
229	136
229	140
229	373
230	4
230	5
230	9
230	19
230	31
230	40
230	41
230	45
230	55
230	64
230	65
230	69
230	79
230	88
230	89
230	91
230	93
230	100
230	103
230	105
230	112
230	113
230	117
230	124
230	127
230	136
230	137
230	141
230	374
231	5
231	6
231	10
231	20
231	32
231	41
231	42
231	46
231	56
231	65
231	66
231	70
231	80
231	89
231	90
231	92
231	94
231	101
231	104
231	106
231	113
231	114
231	118
231	125
231	128
231	137
231	138
231	142
231	375
232	6
232	7
232	11
232	21
232	33
232	42
232	43
232	47
232	57
232	66
232	67
232	71
232	81
232	90
232	91
232	93
232	95
232	102
232	105
232	107
232	114
232	115
232	119
232	126
232	129
232	138
232	139
232	143
232	376
233	7
233	8
233	12
233	22
233	24
233	34
233	43
233	44
233	48
233	58
233	67
233	68
233	72
233	82
233	91
233	92
233	94
233	96
233	103
233	106
233	108
233	115
233	116
233	120
233	127
233	130
233	139
233	140
233	377
234	8
234	9
234	13
234	23
234	25
234	35
234	44
234	45
234	49
234	59
234	68
234	69
234	73
234	83
234	92
234	93
234	95
234	97
234	104
234	107
234	109
234	116
234	117
234	121
234	128
234	131
234	140
234	141
234	378
235	0
235	9
235	10
235	14
235	26
235	36
235	45
235	46
235	50
235	60
235	69
235	70
235	72
235	74
235	84
235	93
235	94
235	98
235	105
235	108
235	110
235	117
235	118
235	122
235	129
235	132
235	141
235	142
235	379
236	1
236	10
236	11
236	15
236	27
236	37
236	46
236	47
236	51
236	61
236	70
236	71
236	73
236	75
236	85
236	94
236	95
236	99
236	106
236	109
236	111
236	118
236	119
236	123
236	130
236	133
236	142
236	143
236	380
237	2
237	11
237	12
237	16
237	24
237	28
237	38
237	47
237	48
237	52
237	62
237	71
237	72
237	74
237	76
237	86
237	95
237	96
237	100
237	107
237	110
237	112
237	119
237	120
237	124
237	131
237	134
237	143
237	381
238	3
238	12
238	13
238	17
238	24
238	25
238	29
238	39
238	48
238	49
238	53
238	63
238	72
238	73
238	75
238	77
238	87
238	96
238	97
238	101
238	108
238	111
238	113
238	120
238	121
238	125
238	132
238	135
238	382
239	4
239	13
239	14
239	18
239	25
239	26
239	30
239	40
239	49
239	50
239	54
239	64
239	73
239	74
239	76
239	78
239	88
239	97
239	98
239	102
239	109
239	112
239	114
239	121
239	122
239	126
239	133
239	136
239	383
240	3
240	9
240	10
240	23
240	27
240	35
240	39
240	45
240	46
240	51
240	59
240	63
240	69
240	70
240	75
240	83
240	87
240	93
240	94
240	106
240	107
240	111
240	117
240	118
240	119
240	130
240	131
240	135
240	141
240	142
240	384
241	0
241	4
241	10
241	11
241	28
241	36
241	40
241	46
241	47
241	52
241	60
241	64
241	70
241	71
241	76
241	84
241	88
241	94
241	95
241	96
241	107
241	108
241	112
241	118
241	119
241	131
241	132
241	136
241	142
241	143
241	385
242	1
242	5
242	11
242	12
242	24
242	29
242	37
242	41
242	47
242	48
242	53
242	61
242	65
242	71
242	72
242	77
242	85
242	89
242	95
242	96
242	97
242	108
242	109
242	113
242	119
242	120
242	132
242	133
242	137
242	143
242	386
243	2
243	6
243	12
243	13
243	24
243	25
243	30
243	38
243	42
243	48
243	49
243	54
243	62
243	66
243	72
243	73
243	78
243	86
243	90
243	96
243	97
243	98
243	109
243	110
243	114
243	120
243	121
243	133
243	134
243	138
243	387
244	3
244	7
244	13
244	14
244	25
244	26
244	31
244	39
244	43
244	49
244	50
244	55
244	63
244	67
244	73
244	74
244	79
244	87
244	91
244	97
244	98
244	99
244	110
244	111
244	115
244	121
244	122
244	134
244	135
244	139
244	388
245	4
245	8
245	14
245	15
245	26
245	27
245	32
245	40
245	44
245	50
245	51
245	56
245	64
245	68
245	74
245	75
245	80
245	88
245	92
245	98
245	99
245	100
245	111
245	112
245	116
245	122
245	123
245	135
245	136
245	140
245	389
246	5
246	9
246	15
246	16
246	27
246	28
246	33
246	41
246	45
246	51
246	52
246	57
246	65
246	69
246	75
246	76
246	81
246	89
246	93
246	99
246	100
246	101
246	112
246	113
246	117
246	123
246	124
246	136
246	137
246	141
246	390
247	6
247	10
247	16
247	17
247	28
247	29
247	34
247	42
247	46
247	52
247	53
247	58
247	66
247	70
247	76
247	77
247	82
247	90
247	94
247	100
247	101
247	102
247	113
247	114
247	118
247	124
247	125
247	137
247	138
247	142
247	391
248	7
248	11
248	17
248	18
248	29
248	30
248	35
248	43
248	47
248	53
248	54
248	59
248	67
248	71
248	77
248	78
248	83
248	91
248	95
248	101
248	102
248	103
248	114
248	115
248	119
248	125
248	126
248	138
248	139
248	143
248	392
249	8
249	12
249	18
249	19
249	24
249	30
249	31
249	36
249	44
249	48
249	54
249	55
249	60
249	68
249	72
249	78
249	79
249	84
249	92
249	96
249	102
249	103
249	104
249	115
249	116
249	120
249	126
249	127
249	139
249	140
249	393
250	9
250	13
250	19
250	20
250	25
250	31
250	32
250	37
250	45
250	49
250	55
250	56
250	61
250	69
250	73
250	79
250	80
250	85
250	93
250	97
250	103
250	104
250	105
250	116
250	117
250	121
250	127
250	128
250	140
250	141
250	394
251	10
251	14
251	20
251	21
251	26
251	32
251	33
251	38
251	46
251	50
251	56
251	57
251	62
251	70
251	74
251	80
251	81
251	86
251	94
251	98
251	104
251	105
251	106
251	117
251	118
251	122
251	128
251	129
251	141
251	142
251	395
252	11
252	15
252	21
252	22
252	27
252	33
252	34
252	39
252	47
252	51
252	57
252	58
252	63
252	71
252	75
252	81
252	82
252	87
252	95
252	99
252	105
252	106
252	107
252	118
252	119
252	123
252	129
252	130
252	142
252	143
252	396
253	12
253	16
253	22
253	23
253	24
253	28
253	34
253	35
253	40
253	48
253	52
253	58
253	59
253	64
253	72
253	76
253	82
253	83
253	88
253	96
253	100
253	106
253	107
253	108
253	119
253	120
253	124
253	130
253	131
253	143
253	397
254	0
254	13
254	17
254	23
254	25
254	29
254	35
254	36
254	41
254	49
254	53
254	59
254	60
254	65
254	73
254	77
254	83
254	84
254	89
254	96
254	97
254	101
254	107
254	108
254	109
254	120
254	121
254	125
254	131
254	132
254	398
255	0
255	1
255	14
255	18
255	26
255	30
255	36
255	37
255	42
255	50
255	54
255	60
255	61
255	66
255	74
255	78
255	84
255	85
255	90
255	97
255	98
255	102
255	108
255	109
255	110
255	121
255	122
255	126
255	132
255	133
255	399
256	1
256	2
256	15
256	19
256	27
256	31
256	37
256	38
256	43
256	51
256	55
256	61
256	62
256	67
256	75
256	79
256	85
256	86
256	91
256	98
256	99
256	103
256	109
256	110
256	111
256	122
256	123
256	127
256	133
256	134
256	400
257	2
257	3
257	16
257	20
257	28
257	32
257	38
257	39
257	44
257	52
257	56
257	62
257	63
257	68
257	76
257	80
257	86
257	87
257	92
257	99
257	100
257	104
257	110
257	111
257	112
257	123
257	124
257	128
257	134
257	135
257	401
258	3
258	4
258	17
258	21
258	29
258	33
258	39
258	40
258	45
258	53
258	57
258	63
258	64
258	69
258	77
258	81
258	87
258	88
258	93
258	100
258	101
258	105
258	111
258	112
258	113
258	124
258	125
258	129
258	135
258	136
258	402
259	4
259	5
259	18
259	22
259	30
259	34
259	40
259	41
259	46
259	54
259	58
259	64
259	65
259	70
259	78
259	82
259	88
259	89
259	94
259	101
259	102
259	106
259	112
259	113
259	114
259	125
259	126
259	130
259	136
259	137
259	403
260	5
260	6
260	19
260	23
260	31
260	35
260	41
260	42
260	47
260	55
260	59
260	65
260	66
260	71
260	79
260	83
260	89
260	90
260	95
260	102
260	103
260	107
260	113
260	114
260	115
260	126
260	127
260	131
260	137
260	138
260	404
261	0
261	6
261	7
261	20
261	24
261	32
261	36
261	42
261	43
261	48
261	56
261	60
261	66
261	67
261	72
261	80
261	84
261	90
261	91
261	103
261	104
261	108
261	114
261	115
261	116
261	127
261	128
261	132
261	138
261	139
261	405
262	1
262	7
262	8
262	21
262	25
262	33
262	37
262	43
262	44
262	49
262	57
262	61
262	67
262	68
262	73
262	81
262	85
262	91
262	92
262	104
262	105
262	109
262	115
262	116
262	117
262	128
262	129
262	133
262	139
262	140
262	406
263	2
263	8
263	9
263	22
263	26
263	34
263	38
263	44
263	45
263	50
263	58
263	62
263	68
263	69
263	74
263	82
263	86
263	92
263	93
263	105
263	106
263	110
263	116
263	117
263	118
263	129
263	130
263	134
263	140
263	141
263	407
264	1
264	12
264	14
264	20
264	24
264	26
264	32
264	37
264	48
264	49
264	50
264	56
264	61
264	72
264	73
264	74
264	80
264	85
264	96
264	98
264	104
264	108
264	109
264	116
264	120
264	122
264	128
264	133
264	140
264	408
265	2
265	13
265	15
265	21
265	25
265	27
265	33
265	38
265	49
265	50
265	51
265	57
265	62
265	73
265	74
265	75
265	81
265	86
265	97
265	99
265	105
265	109
265	110
265	117
265	121
265	123
265	129
265	134
265	141
265	409
266	3
266	14
266	16
266	22
266	26
266	28
266	34
266	39
266	50
266	51
266	52
266	58
266	63
266	74
266	75
266	76
266	82
266	87
266	98
266	100
266	106
266	110
266	111
266	118
266	122
266	124
266	130
266	135
266	142
266	410
267	4
267	15
267	17
267	23
267	27
267	29
267	35
267	40
267	51
267	52
267	53
267	59
267	64
267	75
267	76
267	77
267	83
267	88
267	99
267	101
267	107
267	111
267	112
267	119
267	123
267	125
267	131
267	136
267	143
267	411
268	0
268	5
268	16
268	18
268	28
268	30
268	36
268	41
268	52
268	53
268	54
268	60
268	65
268	76
268	77
268	78
268	84
268	89
268	96
268	100
268	102
268	108
268	112
268	113
268	120
268	124
268	126
268	132
268	137
268	412
269	1
269	6
269	17
269	19
269	29
269	31
269	37
269	42
269	53
269	54
269	55
269	61
269	66
269	77
269	78
269	79
269	85
269	90
269	97
269	101
269	103
269	109
269	113
269	114
269	121
269	125
269	127
269	133
269	138
269	413
270	2
270	7
270	18
270	20
270	30
270	32
270	38
270	43
270	54
270	55
270	56
270	62
270	67
270	78
270	79
270	80
270	86
270	91
270	98
270	102
270	104
270	110
270	114
270	115
270	122
270	126
270	128
270	134
270	139
270	414
271	3
271	8
271	19
271	21
271	31
271	33
271	39
271	44
271	55
271	56
271	57
271	63
271	68
271	79
271	80
271	81
271	87
271	92
271	99
271	103
271	105
271	111
271	115
271	116
271	123
271	127
271	129
271	135
271	140
271	415
272	4
272	9
272	20
272	22
272	32
272	34
272	40
272	45
272	56
272	57
272	58
272	64
272	69
272	80
272	81
272	82
272	88
272	93
272	100
272	104
272	106
272	112
272	116
272	117
272	124
272	128
272	130
272	136
272	141
272	416
273	5
273	10
273	21
273	23
273	33
273	35
273	41
273	46
273	57
273	58
273	59
273	65
273	70
273	81
273	82
273	83
273	89
273	94
273	101
273	105
273	107
273	113
273	117
273	118
273	125
273	129
273	131
273	137
273	142
273	417
274	0
274	6
274	11
274	22
274	34
274	36
274	42
274	47
274	58
274	59
274	60
274	66
274	71
274	82
274	83
274	84
274	90
274	95
274	102
274	106
274	108
274	114
274	118
274	119
274	126
274	130
274	132
274	138
274	143
274	418
275	1
275	7
275	12
275	23
275	24
275	35
275	37
275	43
275	48
275	59
275	60
275	61
275	67
275	72
275	83
275	84
275	85
275	91
275	96
275	103
275	107
275	109
275	115
275	119
275	120
275	127
275	131
275	133
275	139
275	419
276	0
276	2
276	8
276	13
276	25
276	36
276	38
276	44
276	49
276	60
276	61
276	62
276	68
276	73
276	84
276	85
276	86
276	92
276	96
276	97
276	104
276	108
276	110
276	116
276	121
276	128
276	132
276	134
276	140
276	420
277	1
277	3
277	9
277	14
277	26
277	37
277	39
277	45
277	50
277	61
277	62
277	63
277	69
277	74
277	85
277	86
277	87
277	93
277	97
277	98
277	105
277	109
277	111
277	117
277	122
277	129
277	133
277	135
277	141
277	421
278	2
278	4
278	10
278	15
278	27
278	38
278	40
278	46
278	51
278	62
278	63
278	64
278	70
278	75
278	86
278	87
278	88
278	94
278	98
278	99
278	106
278	110
278	112
278	118
278	123
278	130
278	134
278	136
278	142
278	422
279	3
279	5
279	11
279	16
279	28
279	39
279	41
279	47
279	52
279	63
279	64
279	65
279	71
279	76
279	87
279	88
279	89
279	95
279	99
279	100
279	107
279	111
279	113
279	119
279	124
279	131
279	135
279	137
279	143
279	423
280	4
280	6
280	12
280	17
280	24
280	29
280	40
280	42
280	48
280	53
280	64
280	65
280	66
280	72
280	77
280	88
280	89
280	90
280	96
280	100
280	101
280	108
280	112
280	114
280	120
280	125
280	132
280	136
280	138
280	424
281	5
281	7
281	13
281	18
281	25
281	30
281	41
281	43
281	49
281	54
281	65
281	66
281	67
281	73
281	78
281	89
281	90
281	91
281	97
281	101
281	102
281	109
281	113
281	115
281	121
281	126
281	133
281	137
281	139
281	425
282	6
282	8
282	14
282	19
282	26
282	31
282	42
282	44
282	50
282	55
282	66
282	67
282	68
282	74
282	79
282	90
282	91
282	92
282	98
282	102
282	103
282	110
282	114
282	116
282	122
282	127
282	134
282	138
282	140
282	426
283	7
283	9
283	15
283	20
283	27
283	32
283	43
283	45
283	51
283	56
283	67
283	68
283	69
283	75
283	80
283	91
283	92
283	93
283	99
283	103
283	104
283	111
283	115
283	117
283	123
283	128
283	135
283	139
283	141
283	427
284	8
284	10
284	16
284	21
284	28
284	33
284	44
284	46
284	52
284	57
284	68
284	69
284	70
284	76
284	81
284	92
284	93
284	94
284	100
284	104
284	105
284	112
284	116
284	118
284	124
284	129
284	136
284	140
284	142
284	428
285	9
285	11
285	17
285	22
285	29
285	34
285	45
285	47
285	53
285	58
285	69
285	70
285	71
285	77
285	82
285	93
285	94
285	95
285	101
285	105
285	106
285	113
285	117
285	119
285	125
285	130
285	137
285	141
285	143
285	429
286	10
286	12
286	18
286	23
286	24
286	30
286	35
286	46
286	48
286	54
286	59
286	70
286	71
286	72
286	78
286	83
286	94
286	95
286	96
286	102
286	106
286	107
286	114
286	118
286	120
286	126
286	131
286	138
286	142
286	430
287	0
287	11
287	13
287	19
287	25
287	31
287	36
287	47
287	48
287	49
287	55
287	60
287	71
287	72
287	73
287	79
287	84
287	95
287	97
287	103
287	107
287	108
287	115
287	119
287	121
287	127
287	132
287	139
287	143
287	431
288	7
288	15
288	18
288	22
288	27
288	30
288	34
288	39
288	43
288	51
288	54
288	58
288	63
288	67
288	75
288	78
288	82
288	87
288	91
288	94
288	99
288	102
288	103
288	106
288	114
288	115
288	123
288	126
288	127
288	130
288	139
288	432
289	8
289	16
289	19
289	23
289	28
289	31
289	35
289	40
289	44
289	52
289	55
289	59
289	64
289	68
289	76
289	79
289	83
289	88
289	92
289	95
289	100
289	103
289	104
289	107
289	115
289	116
289	124
289	127
289	128
289	131
289	140
289	433
290	0
290	9
290	17
290	20
290	29
290	32
290	36
290	41
290	45
290	53
290	56
290	60
290	65
290	69
290	72
290	77
290	80
290	84
290	89
290	93
290	101
290	104
290	105
290	108
290	116
290	117
290	125
290	128
290	129
290	132
290	141
290	434
291	1
291	10
291	18
291	21
291	30
291	33
291	37
291	42
291	46
291	54
291	57
291	61
291	66
291	70
291	73
291	78
291	81
291	85
291	90
291	94
291	102
291	105
291	106
291	109
291	117
291	118
291	126
291	129
291	130
291	133
291	142
291	435
292	2
292	11
292	19
292	22
292	31
292	34
292	38
292	43
292	47
292	55
292	58
292	62
292	67
292	71
292	74
292	79
292	82
292	86
292	91
292	95
292	103
292	106
292	107
292	110
292	118
292	119
292	127
292	130
292	131
292	134
292	143
292	436
293	3
293	12
293	20
293	23
293	24
293	32
293	35
293	39
293	44
293	48
293	56
293	59
293	63
293	68
293	72
293	75
293	80
293	83
293	87
293	92
293	96
293	104
293	107
293	108
293	111
293	119
293	120
293	128
293	131
293	132
293	135
293	437
294	0
294	4
294	13
294	21
294	25
294	33
294	36
294	40
294	45
294	49
294	57
294	60
294	64
294	69
294	73
294	76
294	81
294	84
294	88
294	93
294	96
294	97
294	105
294	108
294	109
294	112
294	121
294	129
294	132
294	133
294	136
294	438
295	1
295	5
295	14
295	22
295	26
295	34
295	37
295	41
295	46
295	50
295	58
295	61
295	65
295	70
295	74
295	77
295	82
295	85
295	89
295	94
295	97
295	98
295	106
295	109
295	110
295	113
295	122
295	130
295	133
295	134
295	137
295	439
296	2
296	6
296	15
296	23
296	27
296	35
296	38
296	42
296	47
296	51
296	59
296	62
296	66
296	71
296	75
296	78
296	83
296	86
296	90
296	95
296	98
296	99
296	107
296	110
296	111
296	114
296	123
296	131
296	134
296	135
296	138
296	440
297	0
297	3
297	7
297	16
297	24
297	28
297	36
297	39
297	43
297	48
297	52
297	60
297	63
297	67
297	72
297	76
297	79
297	84
297	87
297	91
297	99
297	100
297	108
297	111
297	112
297	115
297	124
297	132
297	135
297	136
297	139
297	441
298	1
298	4
298	8
298	17
298	25
298	29
298	37
298	40
298	44
298	49
298	53
298	61
298	64
298	68
298	73
298	77
298	80
298	85
298	88
298	92
298	100
298	101
298	109
298	112
298	113
298	116
298	125
298	133
298	136
298	137
298	140
298	442
299	2
299	5
299	9
299	18
299	26
299	30
299	38
299	41
299	45
299	50
299	54
299	62
299	65
299	69
299	74
299	78
299	81
299	86
299	89
299	93
299	101
299	102
299	110
299	113
299	114
299	117
299	126
299	134
299	137
299	138
299	141
299	443
300	3
300	6
300	10
300	19
300	27
300	31
300	39
300	42
300	46
300	51
300	55
300	63
300	66
300	70
300	75
300	79
300	82
300	87
300	90
300	94
300	102
300	103
300	111
300	114
300	115
300	118
300	127
300	135
300	138
300	139
300	142
300	444
301	4
301	7
301	11
301	20
301	28
301	32
301	40
301	43
301	47
301	52
301	56
301	64
301	67
301	71
301	76
301	80
301	83
301	88
301	91
301	95
301	103
301	104
301	112
301	115
301	116
301	119
301	128
301	136
301	139
301	140
301	143
301	445
302	5
302	8
302	12
302	21
302	24
302	29
302	33
302	41
302	44
302	48
302	53
302	57
302	65
302	68
302	72
302	77
302	81
302	84
302	89
302	92
302	96
302	104
302	105
302	113
302	116
302	117
302	120
302	129
302	137
302	140
302	141
302	446
303	6
303	9
303	13
303	22
303	25
303	30
303	34
303	42
303	45
303	49
303	54
303	58
303	66
303	69
303	73
303	78
303	82
303	85
303	90
303	93
303	97
303	105
303	106
303	114
303	117
303	118
303	121
303	130
303	138
303	141
303	142
303	447
304	7
304	10
304	14
304	23
304	26
304	31
304	35
304	43
304	46
304	50
304	55
304	59
304	67
304	70
304	74
304	79
304	83
304	86
304	91
304	94
304	98
304	106
304	107
304	115
304	118
304	119
304	122
304	131
304	139
304	142
304	143
304	448
305	0
305	8
305	11
305	15
305	27
305	32
305	36
305	44
305	47
305	51
305	56
305	60
305	68
305	71
305	75
305	80
305	84
305	87
305	92
305	95
305	96
305	99
305	107
305	108
305	116
305	119
305	120
305	123
305	132
305	140
305	143
305	449
306	1
306	9
306	12
306	16
306	24
306	28
306	33
306	37
306	45
306	48
306	52
306	57
306	61
306	69
306	72
306	76
306	81
306	85
306	88
306	93
306	96
306	97
306	100
306	108
306	109
306	117
306	120
306	121
306	124
306	133
306	141
306	450
307	2
307	10
307	13
307	17
307	25
307	29
307	34
307	38
307	46
307	49
307	53
307	58
307	62
307	70
307	73
307	77
307	82
307	86
307	89
307	94
307	97
307	98
307	101
307	109
307	110
307	118
307	121
307	122
307	125
307	134
307	142
307	451
308	3
308	11
308	14
308	18
308	26
308	30
308	35
308	39
308	47
308	50
308	54
308	59
308	63
308	71
308	74
308	78
308	83
308	87
308	90
308	95
308	98
308	99
308	102
308	110
308	111
308	119
308	122
308	123
308	126
308	135
308	143
308	452
309	4
309	12
309	15
309	19
309	24
309	27
309	31
309	36
309	40
309	48
309	51
309	55
309	60
309	64
309	72
309	75
309	79
309	84
309	88
309	91
309	96
309	99
309	100
309	103
309	111
309	112
309	120
309	123
309	124
309	127
309	136
309	453
310	5
310	13
310	16
310	20
310	25
310	28
310	32
310	37
310	41
310	49
310	52
310	56
310	61
310	65
310	73
310	76
310	80
310	85
310	89
310	92
310	97
310	100
310	101
310	104
310	112
310	113
310	121
310	124
310	125
310	128
310	137
310	454
311	6
311	14
311	17
311	21
311	26
311	29
311	33
311	38
311	42
311	50
311	53
311	57
311	62
311	66
311	74
311	77
311	81
311	86
311	90
311	93
311	98
311	101
311	102
311	105
311	113
311	114
311	122
311	125
311	126
311	129
311	138
311	455
312	2
312	11
312	13
312	15
312	25
312	27
312	38
312	39
312	47
312	49
312	51
312	61
312	62
312	63
312	71
312	73
312	75
312	85
312	86
312	87
312	95
312	97
312	98
312	99
312	107
312	110
312	119
312	121
312	123
312	131
312	134
312	143
312	456
313	3
313	12
313	14
313	16
313	24
313	26
313	28
313	39
313	40
313	48
313	50
313	52
313	62
313	63
313	64
313	72
313	74
313	76
313	86
313	87
313	88
313	96
313	98
313	99
313	100
313	108
313	111
313	120
313	122
313	124
313	132
313	135
313	457
314	4
314	13
314	15
314	17
314	25
314	27
314	29
314	40
314	41
314	49
314	51
314	53
314	63
314	64
314	65
314	73
314	75
314	77
314	87
314	88
314	89
314	97
314	99
314	100
314	101
314	109
314	112
314	121
314	123
314	125
314	133
314	136
314	458
315	5
315	14
315	16
315	18
315	26
315	28
315	30
315	41
315	42
315	50
315	52
315	54
315	64
315	65
315	66
315	74
315	76
315	78
315	88
315	89
315	90
315	98
315	100
315	101
315	102
315	110
315	113
315	122
315	124
315	126
315	134
315	137
315	459
316	6
316	15
316	17
316	19
316	27
316	29
316	31
316	42
316	43
316	51
316	53
316	55
316	65
316	66
316	67
316	75
316	77
316	79
316	89
316	90
316	91
316	99
316	101
316	102
316	103
316	111
316	114
316	123
316	125
316	127
316	135
316	138
316	460
317	7
317	16
317	18
317	20
317	28
317	30
317	32
317	43
317	44
317	52
317	54
317	56
317	66
317	67
317	68
317	76
317	78
317	80
317	90
317	91
317	92
317	100
317	102
317	103
317	104
317	112
317	115
317	124
317	126
317	128
317	136
317	139
317	461
318	8
318	17
318	19
318	21
318	29
318	31
318	33
318	44
318	45
318	53
318	55
318	57
318	67
318	68
318	69
318	77
318	79
318	81
318	91
318	92
318	93
318	101
318	103
318	104
318	105
318	113
318	116
318	125
318	127
318	129
318	137
318	140
318	462
319	9
319	18
319	20
319	22
319	30
319	32
319	34
319	45
319	46
319	54
319	56
319	58
319	68
319	69
319	70
319	78
319	80
319	82
319	92
319	93
319	94
319	102
319	104
319	105
319	106
319	114
319	117
319	126
319	128
319	130
319	138
319	141
319	463
320	10
320	19
320	21
320	23
320	31
320	33
320	35
320	46
320	47
320	55
320	57
320	59
320	69
320	70
320	71
320	79
320	81
320	83
320	93
320	94
320	95
320	103
320	105
320	106
320	107
320	115
320	118
320	127
320	129
320	131
320	139
320	142
320	464
321	0
321	11
321	20
321	22
321	24
321	32
321	34
321	36
321	47
321	48
321	56
321	58
321	60
321	70
321	71
321	72
321	80
321	82
321	84
321	94
321	95
321	104
321	106
321	107
321	108
321	116
321	119
321	128
321	130
321	132
321	140
321	143
321	465
322	1
322	12
322	21
322	23
322	24
322	25
322	33
322	35
322	37
322	48
322	49
322	57
322	59
322	61
322	71
322	72
322	73
322	81
322	83
322	85
322	95
322	96
322	105
322	107
322	108
322	109
322	117
322	120
322	129
322	131
322	133
322	141
322	466
323	0
323	2
323	13
323	22
323	25
323	26
323	34
323	36
323	38
323	48
323	49
323	50
323	58
323	60
323	62
323	72
323	73
323	74
323	82
323	84
323	86
323	97
323	106
323	108
323	109
323	110
323	118
323	121
323	130
323	132
323	134
323	142
323	467
324	1
324	3
324	14
324	23
324	26
324	27
324	35
324	37
324	39
324	49
324	50
324	51
324	59
324	61
324	63
324	73
324	74
324	75
324	83
324	85
324	87
324	98
324	107
324	109
324	110
324	111
324	119
324	122
324	131
324	133
324	135
324	143
324	468
325	0
325	2
325	4
325	15
325	27
325	28
325	36
325	38
325	40
325	50
325	51
325	52
325	60
325	62
325	64
325	74
325	75
325	76
325	84
325	86
325	88
325	96
325	99
325	108
325	110
325	111
325	112
325	120
325	123
325	132
325	134
325	136
325	469
326	1
326	3
326	5
326	16
326	28
326	29
326	37
326	39
326	41
326	51
326	52
326	53
326	61
326	63
326	65
326	75
326	76
326	77
326	85
326	87
326	89
326	97
326	100
326	109
326	111
326	112
326	113
326	121
326	124
326	133
326	135
326	137
326	470
327	2
327	4
327	6
327	17
327	29
327	30
327	38
327	40
327	42
327	52
327	53
327	54
327	62
327	64
327	66
327	76
327	77
327	78
327	86
327	88
327	90
327	98
327	101
327	110
327	112
327	113
327	114
327	122
327	125
327	134
327	136
327	138
327	471
328	3
328	5
328	7
328	18
328	30
328	31
328	39
328	41
328	43
328	53
328	54
328	55
328	63
328	65
328	67
328	77
328	78
328	79
328	87
328	89
328	91
328	99
328	102
328	111
328	113
328	114
328	115
328	123
328	126
328	135
328	137
328	139
328	472
329	4
329	6
329	8
329	19
329	31
329	32
329	40
329	42
329	44
329	54
329	55
329	56
329	64
329	66
329	68
329	78
329	79
329	80
329	88
329	90
329	92
329	100
329	103
329	112
329	114
329	115
329	116
329	124
329	127
329	136
329	138
329	140
329	473
330	5
330	7
330	9
330	20
330	32
330	33
330	41
330	43
330	45
330	55
330	56
330	57
330	65
330	67
330	69
330	79
330	80
330	81
330	89
330	91
330	93
330	101
330	104
330	113
330	115
330	116
330	117
330	125
330	128
330	137
330	139
330	141
330	474
331	6
331	8
331	10
331	21
331	33
331	34
331	42
331	44
331	46
331	56
331	57
331	58
331	66
331	68
331	70
331	80
331	81
331	82
331	90
331	92
331	94
331	102
331	105
331	114
331	116
331	117
331	118
331	126
331	129
331	138
331	140
331	142
331	475
332	7
332	9
332	11
332	22
332	34
332	35
332	43
332	45
332	47
332	57
332	58
332	59
332	67
332	69
332	71
332	81
332	82
332	83
332	91
332	93
332	95
332	103
332	106
332	115
332	117
332	118
332	119
332	127
332	130
332	139
332	141
332	143
332	476
333	8
333	10
333	12
333	23
333	24
333	35
333	36
333	44
333	46
333	48
333	58
333	59
333	60
333	68
333	70
333	72
333	82
333	83
333	84
333	92
333	94
333	96
333	104
333	107
333	116
333	118
333	119
333	120
333	128
333	131
333	140
333	142
333	477
334	0
334	9
334	11
334	13
334	25
334	36
334	37
334	45
334	47
334	49
334	59
334	60
334	61
334	69
334	71
334	73
334	83
334	84
334	85
334	93
334	95
334	96
334	97
334	105
334	108
334	117
334	119
334	121
334	129
334	132
334	141
334	143
334	478
335	1
335	10
335	12
335	14
335	24
335	26
335	37
335	38
335	46
335	48
335	50
335	60
335	61
335	62
335	70
335	72
335	74
335	84
335	85
335	86
335	94
335	96
335	97
335	98
335	106
335	109
335	118
335	120
335	122
335	130
335	133
335	142
335	479
336	13
336	18
336	19
336	23
336	25
336	30
336	31
336	35
336	47
336	49
336	54
336	55
336	59
336	66
336	71
336	73
336	78
336	79
336	83
336	90
336	91
336	95
336	97
336	102
336	103
336	107
336	109
336	121
336	126
336	127
336	131
336	480
337	0
337	14
337	19
337	20
337	24
337	26
337	31
337	32
337	36
337	48
337	50
337	55
337	56
337	60
337	67
337	72
337	74
337	79
337	80
337	84
337	91
337	92
337	98
337	103
337	104
337	108
337	110
337	122
337	127
337	128
337	132
337	481
338	1
338	15
338	20
338	21
338	25
338	27
338	32
338	33
338	37
338	49
338	51
338	56
338	57
338	61
338	68
338	73
338	75
338	80
338	81
338	85
338	92
338	93
338	99
338	104
338	105
338	109
338	111
338	123
338	128
338	129
338	133
338	482
339	2
339	16
339	21
339	22
339	26
339	28
339	33
339	34
339	38
339	50
339	52
339	57
339	58
339	62
339	69
339	74
339	76
339	81
339	82
339	86
339	93
339	94
339	100
339	105
339	106
339	110
339	112
339	124
339	129
339	130
339	134
339	483
340	3
340	17
340	22
340	23
340	27
340	29
340	34
340	35
340	39
340	51
340	53
340	58
340	59
340	63
340	70
340	75
340	77
340	82
340	83
340	87
340	94
340	95
340	101
340	106
340	107
340	111
340	113
340	125
340	130
340	131
340	135
340	484
341	0
341	4
341	18
341	23
341	28
341	30
341	35
341	36
341	40
341	52
341	54
341	59
341	60
341	64
341	71
341	72
341	76
341	78
341	83
341	84
341	88
341	95
341	102
341	107
341	108
341	112
341	114
341	126
341	131
341	132
341	136
341	485
342	0
342	1
342	5
342	19
342	29
342	31
342	36
342	37
342	41
342	48
342	53
342	55
342	60
342	61
342	65
342	72
342	73
342	77
342	79
342	84
342	85
342	89
342	103
342	108
342	109
342	113
342	115
342	127
342	132
342	133
342	137
342	486
343	1
343	2
343	6
343	20
343	30
343	32
343	37
343	38
343	42
343	49
343	54
343	56
343	61
343	62
343	66
343	73
343	74
343	78
343	80
343	85
343	86
343	90
343	104
343	109
343	110
343	114
343	116
343	128
343	133
343	134
343	138
343	487
344	2
344	3
344	7
344	21
344	31
344	33
344	38
344	39
344	43
344	50
344	55
344	57
344	62
344	63
344	67
344	74
344	75
344	79
344	81
344	86
344	87
344	91
344	105
344	110
344	111
344	115
344	117
344	129
344	134
344	135
344	139
344	488
345	3
345	4
345	8
345	22
345	32
345	34
345	39
345	40
345	44
345	51
345	56
345	58
345	63
345	64
345	68
345	75
345	76
345	80
345	82
345	87
345	88
345	92
345	106
345	111
345	112
345	116
345	118
345	130
345	135
345	136
345	140
345	489
346	4
346	5
346	9
346	23
346	33
346	35
346	40
346	41
346	45
346	52
346	57
346	59
346	64
346	65
346	69
346	76
346	77
346	81
346	83
346	88
346	89
346	93
346	107
346	112
346	113
346	117
346	119
346	131
346	136
346	137
346	141
346	490
347	0
347	5
347	6
347	10
347	34
347	36
347	41
347	42
347	46
347	53
347	58
347	60
347	65
347	66
347	70
347	77
347	78
347	82
347	84
347	89
347	90
347	94
347	96
347	108
347	113
347	114
347	118
347	132
347	137
347	138
347	142
347	491
348	1
348	6
348	7
348	11
348	35
348	37
348	42
348	43
348	47
348	54
348	59
348	61
348	66
348	67
348	71
348	78
348	79
348	83
348	85
348	90
348	91
348	95
348	97
348	109
348	114
348	115
348	119
348	133
348	138
348	139
348	143
348	492
349	2
349	7
349	8
349	12
349	24
349	36
349	38
349	43
349	44
349	48
349	55
349	60
349	62
349	67
349	68
349	72
349	79
349	80
349	84
349	86
349	91
349	92
349	96
349	98
349	110
349	115
349	116
349	120
349	134
349	139
349	140
349	493
350	3
350	8
350	9
350	13
350	25
350	37
350	39
350	44
350	45
350	49
350	56
350	61
350	63
350	68
350	69
350	73
350	80
350	81
350	85
350	87
350	92
350	93
350	97
350	99
350	111
350	116
350	117
350	121
350	135
350	140
350	141
350	494
351	4
351	9
351	10
351	14
351	26
351	38
351	40
351	45
351	46
351	50
351	57
351	62
351	64
351	69
351	70
351	74
351	81
351	82
351	86
351	88
351	93
351	94
351	98
351	100
351	112
351	117
351	118
351	122
351	136
351	141
351	142
351	495
352	5
352	10
352	11
352	15
352	27
352	39
352	41
352	46
352	47
352	51
352	58
352	63
352	65
352	70
352	71
352	75
352	82
352	83
352	87
352	89
352	94
352	95
352	99
352	101
352	113
352	118
352	119
352	123
352	137
352	142
352	143
352	496
353	6
353	11
353	12
353	16
353	24
353	28
353	40
353	42
353	47
353	48
353	52
353	59
353	64
353	66
353	71
353	72
353	76
353	83
353	84
353	88
353	90
353	95
353	96
353	100
353	102
353	114
353	119
353	120
353	124
353	138
353	143
353	497
354	7
354	12
354	13
354	17
354	24
354	25
354	29
354	41
354	43
354	48
354	49
354	53
354	60
354	65
354	67
354	72
354	73
354	77
354	84
354	85
354	89
354	91
354	96
354	97
354	101
354	103
354	115
354	120
354	121
354	125
354	139
354	498
355	8
355	13
355	14
355	18
355	25
355	26
355	30
355	42
355	44
355	49
355	50
355	54
355	61
355	66
355	68
355	73
355	74
355	78
355	85
355	86
355	90
355	92
355	97
355	98
355	102
355	104
355	116
355	121
355	122
355	126
355	140
355	499
356	9
356	14
356	15
356	19
356	26
356	27
356	31
356	43
356	45
356	50
356	51
356	55
356	62
356	67
356	69
356	74
356	75
356	79
356	86
356	87
356	91
356	93
356	98
356	99
356	103
356	105
356	117
356	122
356	123
356	127
356	141
356	500
357	10
357	15
357	16
357	20
357	27
357	28
357	32
357	44
357	46
357	51
357	52
357	56
357	63
357	68
357	70
357	75
357	76
357	80
357	87
357	88
357	92
357	94
357	99
357	100
357	104
357	106
357	118
357	123
357	124
357	128
357	142
357	501
358	11
358	16
358	17
358	21
358	28
358	29
358	33
358	45
358	47
358	52
358	53
358	57
358	64
358	69
358	71
358	76
358	77
358	81
358	88
358	89
358	93
358	95
358	100
358	101
358	105
358	107
358	119
358	124
358	125
358	129
358	143
358	502
359	12
359	17
359	18
359	22
359	24
359	29
359	30
359	34
359	46
359	48
359	53
359	54
359	58
359	65
359	70
359	72
359	77
359	78
359	82
359	89
359	90
359	94
359	96
359	101
359	102
359	106
359	108
359	120
359	125
359	126
359	130
359	503
360	11
360	16
360	19
360	22
360	28
360	31
360	34
360	46
360	47
360	52
360	55
360	58
360	64
360	70
360	71
360	76
360	79
360	82
360	83
360	88
360	94
360	95
360	100
360	103
360	106
360	115
360	119
360	124
360	127
360	130
360	143
360	504
361	12
361	17
361	20
361	23
361	24
361	29
361	32
361	35
361	47
361	48
361	53
361	56
361	59
361	65
361	71
361	72
361	77
361	80
361	83
361	84
361	89
361	95
361	96
361	101
361	104
361	107
361	116
361	120
361	125
361	128
361	131
361	505
362	0
362	13
362	18
362	21
362	24
362	25
362	30
362	33
362	36
362	48
362	49
362	54
362	57
362	60
362	66
362	72
362	73
362	78
362	81
362	84
362	85
362	90
362	97
362	102
362	105
362	108
362	117
362	121
362	126
362	129
362	132
362	506
363	1
363	14
363	19
363	22
363	25
363	26
363	31
363	34
363	37
363	49
363	50
363	55
363	58
363	61
363	67
363	73
363	74
363	79
363	82
363	85
363	86
363	91
363	98
363	103
363	106
363	109
363	118
363	122
363	127
363	130
363	133
363	507
364	2
364	15
364	20
364	23
364	26
364	27
364	32
364	35
364	38
364	50
364	51
364	56
364	59
364	62
364	68
364	74
364	75
364	80
364	83
364	86
364	87
364	92
364	99
364	104
364	107
364	110
364	119
364	123
364	128
364	131
364	134
364	508
365	0
365	3
365	16
365	21
365	27
365	28
365	33
365	36
365	39
365	51
365	52
365	57
365	60
365	63
365	69
365	75
365	76
365	81
365	84
365	87
365	88
365	93
365	96
365	100
365	105
365	108
365	111
365	124
365	129
365	132
365	135
365	509
366	1
366	4
366	17
366	22
366	28
366	29
366	34
366	37
366	40
366	52
366	53
366	58
366	61
366	64
366	70
366	76
366	77
366	82
366	85
366	88
366	89
366	94
366	97
366	101
366	106
366	109
366	112
366	125
366	130
366	133
366	136
366	510
367	2
367	5
367	18
367	23
367	29
367	30
367	35
367	38
367	41
367	53
367	54
367	59
367	62
367	65
367	71
367	77
367	78
367	83
367	86
367	89
367	90
367	95
367	98
367	102
367	107
367	110
367	113
367	126
367	131
367	134
367	137
367	511
368	0
368	3
368	6
368	19
368	30
368	31
368	36
368	39
368	42
368	48
368	54
368	55
368	60
368	63
368	66
368	72
368	78
368	79
368	84
368	87
368	90
368	91
368	99
368	103
368	108
368	111
368	114
368	127
368	132
368	135
368	138
368	512
369	1
369	4
369	7
369	20
369	31
369	32
369	37
369	40
369	43
369	49
369	55
369	56
369	61
369	64
369	67
369	73
369	79
369	80
369	85
369	88
369	91
369	92
369	100
369	104
369	109
369	112
369	115
369	128
369	133
369	136
369	139
369	513
370	2
370	5
370	8
370	21
370	32
370	33
370	38
370	41
370	44
370	50
370	56
370	57
370	62
370	65
370	68
370	74
370	80
370	81
370	86
370	89
370	92
370	93
370	101
370	105
370	110
370	113
370	116
370	129
370	134
370	137
370	140
370	514
371	3
371	6
371	9
371	22
371	33
371	34
371	39
371	42
371	45
371	51
371	57
371	58
371	63
371	66
371	69
371	75
371	81
371	82
371	87
371	90
371	93
371	94
371	102
371	106
371	111
371	114
371	117
371	130
371	135
371	138
371	141
371	515
372	4
372	7
372	10
372	23
372	34
372	35
372	40
372	43
372	46
372	52
372	58
372	59
372	64
372	67
372	70
372	76
372	82
372	83
372	88
372	91
372	94
372	95
372	103
372	107
372	112
372	115
372	118
372	131
372	136
372	139
372	142
372	516
373	0
373	5
373	8
373	11
373	35
373	36
373	41
373	44
373	47
373	53
373	59
373	60
373	65
373	68
373	71
373	72
373	77
373	83
373	84
373	89
373	92
373	95
373	104
373	108
373	113
373	116
373	119
373	132
373	137
373	140
373	143
373	517
374	1
374	6
374	9
374	12
374	24
374	36
374	37
374	42
374	45
374	48
374	54
374	60
374	61
374	66
374	69
374	72
374	73
374	78
374	84
374	85
374	90
374	93
374	96
374	105
374	109
374	114
374	117
374	120
374	133
374	138
374	141
374	518
375	2
375	7
375	10
375	13
375	25
375	37
375	38
375	43
375	46
375	49
375	55
375	61
375	62
375	67
375	70
375	73
375	74
375	79
375	85
375	86
375	91
375	94
375	97
375	106
375	110
375	115
375	118
375	121
375	134
375	139
375	142
375	519
376	3
376	8
376	11
376	14
376	26
376	38
376	39
376	44
376	47
376	50
376	56
376	62
376	63
376	68
376	71
376	74
376	75
376	80
376	86
376	87
376	92
376	95
376	98
376	107
376	111
376	116
376	119
376	122
376	135
376	140
376	143
376	520
377	4
377	9
377	12
377	15
377	24
377	27
377	39
377	40
377	45
377	48
377	51
377	57
377	63
377	64
377	69
377	72
377	75
377	76
377	81
377	87
377	88
377	93
377	96
377	99
377	108
377	112
377	117
377	120
377	123
377	136
377	141
377	521
378	5
378	10
378	13
378	16
378	25
378	28
378	40
378	41
378	46
378	49
378	52
378	58
378	64
378	65
378	70
378	73
378	76
378	77
378	82
378	88
378	89
378	94
378	97
378	100
378	109
378	113
378	118
378	121
378	124
378	137
378	142
378	522
379	6
379	11
379	14
379	17
379	26
379	29
379	41
379	42
379	47
379	50
379	53
379	59
379	65
379	66
379	71
379	74
379	77
379	78
379	83
379	89
379	90
379	95
379	98
379	101
379	110
379	114
379	119
379	122
379	125
379	138
379	143
379	523
380	7
380	12
380	15
380	18
380	24
380	27
380	30
380	42
380	43
380	48
380	51
380	54
380	60
380	66
380	67
380	72
380	75
380	78
380	79
380	84
380	90
380	91
380	96
380	99
380	102
380	111
380	115
380	120
380	123
380	126
380	139
380	524
381	8
381	13
381	16
381	19
381	25
381	28
381	31
381	43
381	44
381	49
381	52
381	55
381	61
381	67
381	68
381	73
381	76
381	79
381	80
381	85
381	91
381	92
381	97
381	100
381	103
381	112
381	116
381	121
381	124
381	127
381	140
381	525
382	9
382	14
382	17
382	20
382	26
382	29
382	32
382	44
382	45
382	50
382	53
382	56
382	62
382	68
382	69
382	74
382	77
382	80
382	81
382	86
382	92
382	93
382	98
382	101
382	104
382	113
382	117
382	122
382	125
382	128
382	141
382	526
383	10
383	15
383	18
383	21
383	27
383	30
383	33
383	45
383	46
383	51
383	54
383	57
383	63
383	69
383	70
383	75
383	78
383	81
383	82
383	87
383	93
383	94
383	99
383	102
383	105
383	114
383	118
383	123
383	126
383	129
383	142
383	527
384	1
384	7
384	17
384	18
384	29
384	30
384	37
384	43
384	53
384	54
384	61
384	65
384	67
384	77
384	78
384	79
384	85
384	89
384	91
384	101
384	102
384	109
384	114
384	115
384	125
384	126
384	133
384	138
384	139
384	528
385	2
385	8
385	18
385	19
385	30
385	31
385	38
385	44
385	54
385	55
385	62
385	66
385	68
385	78
385	79
385	80
385	86
385	90
385	92
385	102
385	103
385	110
385	115
385	116
385	126
385	127
385	134
385	139
385	140
385	529
386	3
386	9
386	19
386	20
386	31
386	32
386	39
386	45
386	55
386	56
386	63
386	67
386	69
386	79
386	80
386	81
386	87
386	91
386	93
386	103
386	104
386	111
386	116
386	117
386	127
386	128
386	135
386	140
386	141
386	530
387	4
387	10
387	20
387	21
387	32
387	33
387	40
387	46
387	56
387	57
387	64
387	68
387	70
387	80
387	81
387	82
387	88
387	92
387	94
387	104
387	105
387	112
387	117
387	118
387	128
387	129
387	136
387	141
387	142
387	531
388	5
388	11
388	21
388	22
388	33
388	34
388	41
388	47
388	57
388	58
388	65
388	69
388	71
388	81
388	82
388	83
388	89
388	93
388	95
388	105
388	106
388	113
388	118
388	119
388	129
388	130
388	137
388	142
388	143
388	532
389	6
389	12
389	22
389	23
389	24
389	34
389	35
389	42
389	48
389	58
389	59
389	66
389	70
389	72
389	82
389	83
389	84
389	90
389	94
389	96
389	106
389	107
389	114
389	119
389	120
389	130
389	131
389	138
389	143
389	533
390	0
390	7
390	13
390	23
390	25
390	35
390	36
390	43
390	49
390	59
390	60
390	67
390	71
390	73
390	83
390	84
390	85
390	91
390	95
390	96
390	97
390	107
390	108
390	115
390	120
390	121
390	131
390	132
390	139
390	534
391	0
391	1
391	8
391	14
391	26
391	36
391	37
391	44
391	48
391	50
391	60
391	61
391	68
391	72
391	74
391	84
391	85
391	86
391	92
391	97
391	98
391	108
391	109
391	116
391	121
391	122
391	132
391	133
391	140
391	535
392	1
392	2
392	9
392	15
392	27
392	37
392	38
392	45
392	49
392	51
392	61
392	62
392	69
392	73
392	75
392	85
392	86
392	87
392	93
392	98
392	99
392	109
392	110
392	117
392	122
392	123
392	133
392	134
392	141
392	536
393	2
393	3
393	10
393	16
393	28
393	38
393	39
393	46
393	50
393	52
393	62
393	63
393	70
393	74
393	76
393	86
393	87
393	88
393	94
393	99
393	100
393	110
393	111
393	118
393	123
393	124
393	134
393	135
393	142
393	537
394	3
394	4
394	11
394	17
394	29
394	39
394	40
394	47
394	51
394	53
394	63
394	64
394	71
394	75
394	77
394	87
394	88
394	89
394	95
394	100
394	101
394	111
394	112
394	119
394	124
394	125
394	135
394	136
394	143
394	538
395	4
395	5
395	12
395	18
395	24
395	30
395	40
395	41
395	48
395	52
395	54
395	64
395	65
395	72
395	76
395	78
395	88
395	89
395	90
395	96
395	101
395	102
395	112
395	113
395	120
395	125
395	126
395	136
395	137
395	539
396	5
396	6
396	13
396	19
396	25
396	31
396	41
396	42
396	49
396	53
396	55
396	65
396	66
396	73
396	77
396	79
396	89
396	90
396	91
396	97
396	102
396	103
396	113
396	114
396	121
396	126
396	127
396	137
396	138
396	540
397	6
397	7
397	14
397	20
397	26
397	32
397	42
397	43
397	50
397	54
397	56
397	66
397	67
397	74
397	78
397	80
397	90
397	91
397	92
397	98
397	103
397	104
397	114
397	115
397	122
397	127
397	128
397	138
397	139
397	541
398	7
398	8
398	15
398	21
398	27
398	33
398	43
398	44
398	51
398	55
398	57
398	67
398	68
398	75
398	79
398	81
398	91
398	92
398	93
398	99
398	104
398	105
398	115
398	116
398	123
398	128
398	129
398	139
398	140
398	542
399	8
399	9
399	16
399	22
399	28
399	34
399	44
399	45
399	52
399	56
399	58
399	68
399	69
399	76
399	80
399	82
399	92
399	93
399	94
399	100
399	105
399	106
399	116
399	117
399	124
399	129
399	130
399	140
399	141
399	543
400	9
400	10
400	17
400	23
400	29
400	35
400	45
400	46
400	53
400	57
400	59
400	69
400	70
400	77
400	81
400	83
400	93
400	94
400	95
400	101
400	106
400	107
400	117
400	118
400	125
400	130
400	131
400	141
400	142
400	544
401	0
401	10
401	11
401	18
401	30
401	36
401	46
401	47
401	54
401	58
401	60
401	70
401	71
401	72
401	78
401	82
401	84
401	94
401	95
401	102
401	107
401	108
401	118
401	119
401	126
401	131
401	132
401	142
401	143
401	545
402	1
402	11
402	12
402	19
402	24
402	31
402	37
402	47
402	48
402	55
402	59
402	61
402	71
402	72
402	73
402	79
402	83
402	85
402	95
402	96
402	103
402	108
402	109
402	119
402	120
402	127
402	132
402	133
402	143
402	546
403	2
403	12
403	13
403	20
403	24
403	25
403	32
403	38
403	48
403	49
403	56
403	60
403	62
403	72
403	73
403	74
403	80
403	84
403	86
403	96
403	97
403	104
403	109
403	110
403	120
403	121
403	128
403	133
403	134
403	547
404	3
404	13
404	14
404	21
404	25
404	26
404	33
404	39
404	49
404	50
404	57
404	61
404	63
404	73
404	74
404	75
404	81
404	85
404	87
404	97
404	98
404	105
404	110
404	111
404	121
404	122
404	129
404	134
404	135
404	548
405	4
405	14
405	15
405	22
405	26
405	27
405	34
405	40
405	50
405	51
405	58
405	62
405	64
405	74
405	75
405	76
405	82
405	86
405	88
405	98
405	99
405	106
405	111
405	112
405	122
405	123
405	130
405	135
405	136
405	549
406	5
406	15
406	16
406	23
406	27
406	28
406	35
406	41
406	51
406	52
406	59
406	63
406	65
406	75
406	76
406	77
406	83
406	87
406	89
406	99
406	100
406	107
406	112
406	113
406	123
406	124
406	131
406	136
406	137
406	550
407	0
407	6
407	16
407	17
407	28
407	29
407	36
407	42
407	52
407	53
407	60
407	64
407	66
407	76
407	77
407	78
407	84
407	88
407	90
407	100
407	101
407	108
407	113
407	114
407	124
407	125
407	132
407	137
407	138
407	551
408	4
408	13
408	16
408	18
408	25
408	28
408	30
408	37
408	40
408	49
408	52
408	54
408	61
408	64
408	73
408	78
408	85
408	88
408	97
408	100
408	102
408	112
408	114
408	121
408	124
408	126
408	136
408	138
408	552
409	5
409	14
409	17
409	19
409	26
409	29
409	31
409	38
409	41
409	50
409	53
409	55
409	62
409	65
409	74
409	79
409	86
409	89
409	98
409	101
409	103
409	113
409	115
409	122
409	125
409	127
409	137
409	139
409	553
410	6
410	15
410	18
410	20
410	27
410	30
410	32
410	39
410	42
410	51
410	54
410	56
410	63
410	66
410	75
410	80
410	87
410	90
410	99
410	102
410	104
410	114
410	116
410	123
410	126
410	128
410	138
410	140
410	554
411	7
411	16
411	19
411	21
411	28
411	31
411	33
411	40
411	43
411	52
411	55
411	57
411	64
411	67
411	76
411	81
411	88
411	91
411	100
411	103
411	105
411	115
411	117
411	124
411	127
411	129
411	139
411	141
411	555
412	8
412	17
412	20
412	22
412	29
412	32
412	34
412	41
412	44
412	53
412	56
412	58
412	65
412	68
412	77
412	82
412	89
412	92
412	101
412	104
412	106
412	116
412	118
412	125
412	128
412	130
412	140
412	142
412	556
413	9
413	18
413	21
413	23
413	30
413	33
413	35
413	42
413	45
413	54
413	57
413	59
413	66
413	69
413	78
413	83
413	90
413	93
413	102
413	105
413	107
413	117
413	119
413	126
413	129
413	131
413	141
413	143
413	557
414	0
414	10
414	19
414	22
414	31
414	34
414	36
414	43
414	46
414	55
414	58
414	60
414	67
414	70
414	79
414	84
414	91
414	94
414	96
414	103
414	106
414	108
414	118
414	120
414	127
414	130
414	132
414	142
414	558
415	1
415	11
415	20
415	23
415	32
415	35
415	37
415	44
415	47
415	56
415	59
415	61
415	68
415	71
415	80
415	85
415	92
415	95
415	97
415	104
415	107
415	109
415	119
415	121
415	128
415	131
415	133
415	143
415	559
416	0
416	2
416	12
416	21
416	24
416	33
416	36
416	38
416	45
416	48
416	57
416	60
416	62
416	69
416	72
416	81
416	86
416	93
416	96
416	98
416	105
416	108
416	110
416	120
416	122
416	129
416	132
416	134
416	560
417	1
417	3
417	13
417	22
417	25
417	34
417	37
417	39
417	46
417	49
417	58
417	61
417	63
417	70
417	73
417	82
417	87
417	94
417	97
417	99
417	106
417	109
417	111
417	121
417	123
417	130
417	133
417	135
417	561
418	2
418	4
418	14
418	23
418	26
418	35
418	38
418	40
418	47
418	50
418	59
418	62
418	64
418	71
418	74
418	83
418	88
418	95
418	98
418	100
418	107
418	110
418	112
418	122
418	124
418	131
418	134
418	136
418	562
419	0
419	3
419	5
419	15
419	24
419	27
419	36
419	39
419	41
419	48
419	51
419	60
419	63
419	65
419	72
419	75
419	84
419	89
419	99
419	101
419	108
419	111
419	113
419	123
419	125
419	132
419	135
419	137
419	563
420	1
420	4
420	6
420	16
420	25
420	28
420	37
420	40
420	42
420	49
420	52
420	61
420	64
420	66
420	73
420	76
420	85
420	90
420	100
420	102
420	109
420	112
420	114
420	124
420	126
420	133
420	136
420	138
420	564
421	2
421	5
421	7
421	17
421	26
421	29
421	38
421	41
421	43
421	50
421	53
421	62
421	65
421	67
421	74
421	77
421	86
421	91
421	101
421	103
421	110
421	113
421	115
421	125
421	127
421	134
421	137
421	139
421	565
422	3
422	6
422	8
422	18
422	27
422	30
422	39
422	42
422	44
422	51
422	54
422	63
422	66
422	68
422	75
422	78
422	87
422	92
422	102
422	104
422	111
422	114
422	116
422	126
422	128
422	135
422	138
422	140
422	566
423	4
423	7
423	9
423	19
423	28
423	31
423	40
423	43
423	45
423	52
423	55
423	64
423	67
423	69
423	76
423	79
423	88
423	93
423	103
423	105
423	112
423	115
423	117
423	127
423	129
423	136
423	139
423	141
423	567
424	5
424	8
424	10
424	20
424	29
424	32
424	41
424	44
424	46
424	53
424	56
424	65
424	68
424	70
424	77
424	80
424	89
424	94
424	104
424	106
424	113
424	116
424	118
424	128
424	130
424	137
424	140
424	142
424	568
425	6
425	9
425	11
425	21
425	30
425	33
425	42
425	45
425	47
425	54
425	57
425	66
425	69
425	71
425	78
425	81
425	90
425	95
425	105
425	107
425	114
425	117
425	119
425	129
425	131
425	138
425	141
425	143
425	569
426	7
426	10
426	12
426	22
426	24
426	31
426	34
426	43
426	46
426	48
426	55
426	58
426	67
426	70
426	72
426	79
426	82
426	91
426	96
426	106
426	108
426	115
426	118
426	120
426	130
426	132
426	139
426	142
426	570
427	8
427	11
427	13
427	23
427	25
427	32
427	35
427	44
427	47
427	49
427	56
427	59
427	68
427	71
427	73
427	80
427	83
427	92
427	97
427	107
427	109
427	116
427	119
427	121
427	131
427	133
427	140
427	143
427	571
428	0
428	9
428	12
428	14
428	24
428	26
428	33
428	36
428	45
428	48
428	50
428	57
428	60
428	69
428	74
428	81
428	84
428	93
428	96
428	98
428	108
428	110
428	117
428	120
428	122
428	132
428	134
428	141
428	572
429	1
429	10
429	13
429	15
429	25
429	27
429	34
429	37
429	46
429	49
429	51
429	58
429	61
429	70
429	75
429	82
429	85
429	94
429	97
429	99
429	109
429	111
429	118
429	121
429	123
429	133
429	135
429	142
429	573
430	2
430	11
430	14
430	16
430	26
430	28
430	35
430	38
430	47
430	50
430	52
430	59
430	62
430	71
430	76
430	83
430	86
430	95
430	98
430	100
430	110
430	112
430	119
430	122
430	124
430	134
430	136
430	143
430	574
431	3
431	12
431	15
431	17
431	24
431	27
431	29
431	36
431	39
431	48
431	51
431	53
431	60
431	63
431	72
431	77
431	84
431	87
431	96
431	99
431	101
431	111
431	113
431	120
431	123
431	125
431	135
431	137
431	575