0    26
0    32
0    66
0   123
0   161
0   169
0   230
1     0
1    69
1   102
1   135
1   153
1   162
2    61
2    68
2   166
2   193
2   198
2   208
3    65
3    89
3   138
3   150
3   162
3   174
4     7
4    23
4    34
4    46
4    92
4   192
5     3
5    73
5   130
5   134
5   202
5   234
6    32
6    97
6   137
6   180
6   191
6   242
7    23
7    41
7    59
7   124
7   151
7   206
8     3
8    33
8    59
8    88
8   177
8   211
9     6
9    52
9    81
9   151
9   234
9   248
10     8
10    68
10    72
10   135
10   140
10   186
11    15
11    16
11    43
11    64
11    82
11   109
11   199
12    27
12    52
12    88
12   109
12   224
12   239
13    20
13   147
13   148
13   161
13   163
13   239
14    48
14    71
14    89
14    95
14   156
14   235
15    14
15    71
15   126
15   127
15   129
15   171
16    52
16    67
16    76
16   170
16   178
16   194
17     2
17    77
17   107
17   134
17   162
17   207
17   255
18    10
18    13
18    56
18   173
18   180
18   210
19   117
19   121
19   127
19   151
19   209
19   237
20    13
20    26
20    29
20    71
20   245
20   247
21     1
21     4
21    98
21   129
21   206
21   241
22    21
22    47
22   110
22   172
22   205
22   248
23    25
23    55
23   101
23   128
23   166
23   191
24    54
24    92
24   150
24   165
24   190
25    13
25    42
25    46
25   161
25   221
25   224
26    53
26   146
26   184
26   190
26   206
26   242
27    28
27    62
27   112
27   114
27   187
27   235
28    50
28   100
28   122
28   175
28   210
28   218
29    32
29    65
29   131
29   178
29   201
29   212
30    42
30   105
30   119
30   154
30   217
30   243
31     0
31    14
31    78
31    99
31   112
31   231
31   237
32    91
32   115
32   185
32   228
32   236
32   248
33    19
33    60
33    64
33   121
33   213
33   234
34     6
34    26
34    35
34    50
34    73
34   118
34   158
35    12
35    76
35   136
35   166
35   181
35   229
35   241
36    45
36    83
36   126
36   137
36   219
36   246
37    11
37   185
37   195
37   212
37   247
37   249
38    62
38   140
38   145
38   180
38   249
38   250
39    18
39    36
39    61
39    66
39   129
39   199
40    46
40   136
40   141
40   147
40   179
40   213
41    42
41    90
41   125
41   164
41   192
41   240
42    30
42    91
42   141
42   143
42   183
42   216
43    54
43   106
43   116
43   133
43   159
43   198
44    63
44    80
44   116
44   123
44   139
44   240
45    30
45    50
45   159
45   196
45   211
46     4
46    87
46   108
46   182
46   225
47    43
47    53
47   177
47   182
47   214
47   236
48     1
48    44
48    93
48   165
48   187
48   197
48   203
49    24
49    36
49    84
49   108
49   114
49   196
50    40
50   107
50   108
50   125
50   149
50   201
51     5
51    37
51   149
51   167
51   182
51   252
52    34
52    44
52    57
52    62
52    94
52   237
53    75
53    77
53    78
53   110
53   193
53   215
53   230
54    20
54    69
54   120
54   124
54   195
54   203
55   104
55   111
55   137
55   207
55   226
55   231
56    19
56    70
56    99
56   149
56   223
57    16
57    39
57    51
57    84
57   221
57   238
58     4
58     5
58    80
58   103
58   216
58   251
59    38
59    81
59   139
59   146
59   250
59   254
60   106
60   173
60   189
60   213
60   220
60   236
61    15
61   156
61   163
61   197
61   222
61   229
62    24
62    75
62   143
62   186
62   222
62   227
63    48
63    72
63    97
63   116
63   171
63   233
64    31
64    63
64   141
64   146
64   153
64   159
65    39
65   118
65   142
65   148
65   219
65   226
66    74
66   100
66   115
66   164
66   191
66   233
67    85
67    95
67   158
67   174
67   231
67   243
68    35
68    83
68   100
68   163
68   198
68   232
69    37
69    74
69   104
69   135
69   147
69   212
70    47
70   112
70   208
70   218
70   224
70   228
71     4
71     8
71    67
71    82
71   118
71   122
71   187
72     3
72    10
72    21
72    44
72   174
72   251
73    83
73    95
73   102
73   113
73   193
73   227
74     2
74    34
74    68
74   105
74   114
74   126
74   252
75    60
75   120
75   133
75   158
75   204
75   230
76    12
76    20
76   142
76   172
76   223
76   253
77    25
77    48
77    91
77   130
77   157
77   195
78    22
78    38
78    70
78   133
78   178
79    22
79    23
79    90
79    94
79   179
79   219
80    18
80    27
80    96
80   201
80   209
80   235
81    98
81   156
81   157
81   179
81   220
81   240
82    14
82    41
82   125
82   128
82   167
82   247
83     5
83    84
83   144
83   145
83   170
83   185
84     6
84   199
84   203
84   218
84   222
84   246
85    56
85    72
85    87
85   109
85   188
85   220
86    17
86    69
86    86
86    93
86   160
86   214
87    49
87   111
87   122
87   155
87   194
87   217
88    82
88   103
88   132
88   140
88   207
88   244
89    17
89    66
89    90
89   113
89   239
90    63
90   124
90   128
90   160
90   169
90   205
91     2
91   106
91   115
91   170
91   244
92    45
92    55
92    70
92    78
92   252
93     1
93    60
93    67
93    86
93   136
93   152
94    73
94   152
94   215
94   221
94   227
94   254
95    57
95    58
95    59
95   123
95   175
95   216
96    57
96    98
96   204
96   238
96   242
96   253
97    61
97    65
97    79
97   101
97   160
98    27
98   175
98   176
98   181
98   200
98   249
99    12
99    29
99    86
99    92
99   132
99   194
99   254
100   103
100   110
100   144
100   217
100   226
100   232
101     7
101    15
101    39
101   132
101   168
101   177
102    29
102    40
102    89
102   119
102   168
102   188
102   225
103     9
103    64
103   119
103   155
103   173
103   202
103   211
104    51
104    99
104   197
104   214
104   232
104   233
104   246
105    24
105    38
105    47
105    85
105   120
105   200
106     9
106    11
106    30
106    31
106    58
106    96
106   102
106   210
107    18
107   154
107   165
107   171
107   189
107   244
108     7
108    75
108    81
108    96
108   113
108   153
109    21
109    37
109    45
109    87
109   101
110    40
110    49
110    54
110   176
110   202
110   229
111     8
111   131
111   145
111   167
111   228
111   251
112    41
112    55
112   168
112   181
112   196
112   255
113    22
113   104
113   130
113   148
113   205
114    25
114    51
114    80
114   117
114   204
115     0
115   143
115   152
115   200
116    79
116   105
116   127
116   131
116   142
116   190
117    28
117    93
117   186
117   209
117   245
117   255
118     9
118    10
118    19
118   184
118   188
118   245
119    74
119    79
119    94
119   134
119   144
119   183
120    35
120   157
120   189
120   208
120   223
120   250
121    49
121   121
121   139
121   215
121   225
122    43
122    88
122   107
122   138
122   155
123    76
123    77
123    85
123    97
123   184
123   238
124    16
124    17
124    56
124    58
124   111
124   164
124   241
125    28
125   117
125   169
125   172
125   176
125   243
126    11
126    33
126    36
126   138
126   183
126   192
127    31
127    33
127    53
127   150
127   154
127   253