0   10
0   20
0   80
0   90
0   120
0   130
1   11
1   21
1   81
1   91
1   121
1   131
2   12
2   22
2   82
2   92
2   122
2   132
3   13
3   23
3   83
3   93
3   123
3   133
4   14
4   24
4   84
4   94
4   124
4   134
5   15
5   25
5   85
5   95
5   125
5   135
6   16
6   26
6   86
6   96
6   126
6   136
7   17
7   27
7   87
7   97
7   127
7   137
8   18
8   28
8   88
8   98
8   128
8   138
9   19
9   29
9   89
9   99
9   129
9   139
10   16
10   50
10   60
10   70
10   110
10   130
10   140
11   17
11   51
11   61
11   71
11   111
11   131
11   141
12   18
12   52
12   62
12   72
12   112
12   132
12   142
13   19
13   53
13   63
13   73
13   113
13   133
13   143
14   10
14   54
14   64
14   74
14   114
14   134
14   144
15   11
15   55
15   65
15   75
15   115
15   135
15   145
16   12
16   56
16   66
16   76
16   116
16   136
16   146
17   13
17   57
17   67
17   77
17   117
17   137
17   147
18   14
18   58
18   68
18   78
18   118
18   138
18   148
19   15
19   59
19   69
19   79
19   119
19   139
19   149
20   30
20   40
20   57
20   71
20   115
20   140
20   150
21   31
21   41
21   58
21   72
21   116
21   141
21   151
22   32
22   42
22   59
22   73
22   117
22   142
22   152
23   33
23   43
23   50
23   74
23   118
23   143
23   153
24   34
24   44
24   51
24   75
24   119
24   144
24   154
25   35
25   45
25   52
25   76
25   110
25   145
25   155
26   36
26   46
26   53
26   77
26   111
26   146
26   156
27   37
27   47
27   54
27   78
27   112
27   147
27   157
28   38
28   48
28   55
28   79
28   113
28   148
28   158
29   39
29   49
29   56
29   70
29   114
29   149
29   159
30   0
30   24
30   82
30   99
30   150
30   160
31   1
31   25
31   83
31   90
31   151
31   161
32   2
32   26
32   84
32   91
32   152
32   162
33   3
33   27
33   85
33   92
33   153
33   163
34   4
34   28
34   86
34   93
34   154
34   164
35   5
35   29
35   87
35   94
35   155
35   165
36   6
36   20
36   88
36   95
36   156
36   166
37   7
37   21
37   89
37   96
37   157
37   167
38   8
38   22
38   80
38   97
38   158
38   168
39   9
39   23
39   81
39   98
39   159
39   169
40   26
40   67
40   90
40   100
40   160
40   170
41   27
41   68
41   91
41   101
41   161
41   171
42   28
42   69
42   92
42   102
42   162
42   172
43   29
43   60
43   93
43   103
43   163
43   173
44   20
44   61
44   94
44   104
44   164
44   174
45   21
45   62
45   95
45   105
45   165
45   175
46   22
46   63
46   96
46   106
46   166
46   176
47   23
47   64
47   97
47   107
47   167
47   177
48   24
48   65
48   98
48   108
48   168
48   178
49   25
49   66
49   99
49   109
49   169
49   179
50   41
50   57
50   75
50   114
50   128
50   170
50   180
51   42
51   58
51   76
51   115
51   129
51   171
51   181
52   43
52   59
52   77
52   116
52   120
52   172
52   182
53   44
53   50
53   78
53   117
53   121
53   173
53   183
54   45
54   51
54   79
54   118
54   122
54   174
54   184
55   46
55   52
55   70
55   119
55   123
55   175
55   185
56   47
56   53
56   71
56   110
56   124
56   176
56   186
57   48
57   54
57   72
57   111
57   125
57   177
57   187
58   49
58   55
58   73
58   112
58   126
58   178
58   188
59   40
59   56
59   74
59   113
59   127
59   179
59   189
60   22
60   33
60   93
60   109
60   180
60   190
61   23
61   34
61   94
61   100
61   181
61   191
62   24
62   35
62   95
62   101
62   182
62   192
63   25
63   36
63   96
63   102
63   183
63   193
64   26
64   37
64   97
64   103
64   184
64   194
65   27
65   38
65   98
65   104
65   185
65   195
66   28
66   39
66   99
66   105
66   186
66   196
67   29
67   30
67   90
67   106
67   187
67   197
68   20
68   31
68   91
68   107
68   188
68   198
69   21
69   32
69   92
69   108
69   189
69   199
70   18
70   29
70   64
70   91
70   190
70   200
71   19
71   20
71   65
71   92
71   191
71   201
72   10
72   21
72   66
72   93
72   192
72   202
73   11
73   22
73   67
73   94
73   193
73   203
74   12
74   23
74   68
74   95
74   194
74   204
75   13
75   24
75   69
75   96
75   195
75   205
76   14
76   25
76   60
76   97
76   196
76   206
77   15
77   26
77   61
77   98
77   197
77   207
78   16
78   27
78   62
78   99
78   198
78   208
79   17
79   28
79   63
79   90
79   199
79   209
80   1
80   45
80   53
80   70
80   117
80   200
80   210
81   2
81   46
81   54
81   71
81   118
81   201
81   211
82   3
82   47
82   55
82   72
82   119
82   202
82   212
83   4
83   48
83   56
83   73
83   110
83   203
83   213
84   5
84   49
84   57
84   74
84   111
84   204
84   214
85   6
85   40
85   58
85   75
85   112
85   205
85   215
86   7
86   41
86   59
86   76
86   113
86   206
86   216
87   8
87   42
87   50
87   77
87   114
87   207
87   217
88   9
88   43
88   51
88   78
88   115
88   208
88   218
89   0
89   44
89   52
89   79
89   116
89   209
89   219
90   56
90   71
90   102
90   112
90   210
90   220
91   57
91   72
91   103
91   113
91   211
91   221
92   58
92   73
92   104
92   114
92   212
92   222
93   59
93   74
93   105
93   115
93   213
93   223
94   50
94   75
94   106
94   116
94   214
94   224
95   51
95   76
95   107
95   117
95   215
95   225
96   52
96   77
96   108
96   118
96   216
96   226
97   53
97   78
97   109
97   119
97   217
97   227
98   54
98   79
98   100
98   110
98   218
98   228
99   55
99   70
99   101
99   111
99   219
99   229
100   21
100   34
100   88
100   99
100   220
100   230
101   22
101   35
101   89
101   90
101   221
101   231
102   23
102   36
102   80
102   91
102   222
102   232
103   24
103   37
103   81
103   92
103   223
103   233
104   25
104   38
104   82
104   93
104   224
104   234
105   26
105   39
105   83
105   94
105   225
105   235
106   27
106   30
106   84
106   95
106   226
106   236
107   28
107   31
107   85
107   96
107   227
107   237
108   29
108   32
108   86
108   97
108   228
108   238
109   20
109   33
109   87
109   98
109   229
109   239
110   7
110   50
110   73
110   115
110   122
110   230
111   8
111   51
111   74
111   116
111   123
111   231
112   9
112   52
112   75
112   117
112   124
112   232
113   0
113   53
113   76
113   118
113   125
113   233
114   1
114   54
114   77
114   119
114   126
114   234
115   2
115   55
115   78
115   110
115   127
115   235
116   3
116   56
116   79
116   111
116   128
116   236
117   4
117   57
117   70
117   112
117   129
117   237
118   5
118   58
118   71
118   113
118   120
118   238
119   6
119   59
119   72
119   114
119   121
119   239
