 0     0
 0    18
 0    19
 0    22
 0    23
 0    26
 0    32
 0    33
 0    36
 0    39
 0    40
 0    41
 0    42
 0    43
 0    46
 0    47
 0    49
 0    52
 0    54
 0    56
 0    57
 0    58
 0    59
 0    62
 1     0
 1     1
 1    19
 1    20
 1    23
 1    24
 1    27
 1    33
 1    34
 1    37
 1    40
 1    41
 1    42
 1    43
 1    44
 1    47
 1    48
 1    50
 1    53
 1    55
 1    57
 1    58
 1    59
 1    60
 2     1
 2     2
 2    20
 2    21
 2    24
 2    25
 2    28
 2    34
 2    35
 2    38
 2    41
 2    42
 2    43
 2    44
 2    45
 2    48
 2    49
 2    51
 2    54
 2    56
 2    58
 2    59
 2    60
 2    61
 3     2
 3     3
 3    21
 3    22
 3    25
 3    26
 3    29
 3    35
 3    36
 3    39
 3    42
 3    43
 3    44
 3    45
 3    46
 3    49
 3    50
 3    52
 3    55
 3    57
 3    59
 3    60
 3    61
 3    62
 4     0
 4     3
 4     4
 4    22
 4    23
 4    26
 4    27
 4    30
 4    36
 4    37
 4    40
 4    43
 4    44
 4    45
 4    46
 4    47
 4    50
 4    51
 4    53
 4    56
 4    58
 4    60
 4    61
 4    62
 5     0
 5     1
 5     4
 5     5
 5    23
 5    24
 5    27
 5    28
 5    31
 5    37
 5    38
 5    41
 5    44
 5    45
 5    46
 5    47
 5    48
 5    51
 5    52
 5    54
 5    57
 5    59
 5    61
 5    62
 6     0
 6     1
 6     2
 6     5
 6     6
 6    24
 6    25
 6    28
 6    29
 6    32
 6    38
 6    39
 6    42
 6    45
 6    46
 6    47
 6    48
 6    49
 6    52
 6    53
 6    55
 6    58
 6    60
 6    62
 7     0
 7     1
 7     2
 7     3
 7     6
 7     7
 7    25
 7    26
 7    29
 7    30
 7    33
 7    39
 7    40
 7    43
 7    46
 7    47
 7    48
 7    49
 7    50
 7    53
 7    54
 7    56
 7    59
 7    61
 8     1
 8     2
 8     3
 8     4
 8     7
 8     8
 8    26
 8    27
 8    30
 8    31
 8    34
 8    40
 8    41
 8    44
 8    47
 8    48
 8    49
 8    50
 8    51
 8    54
 8    55
 8    57
 8    60
 8    62
 9     0
 9     2
 9     3
 9     4
 9     5
 9     8
 9     9
 9    27
 9    28
 9    31
 9    32
 9    35
 9    41
 9    42
 9    45
 9    48
 9    49
 9    50
 9    51
 9    52
 9    55
 9    56
 9    58
 9    61
10     1
10     3
10     4
10     5
10     6
10     9
10    10
10    28
10    29
10    32
10    33
10    36
10    42
10    43
10    46
10    49
10    50
10    51
10    52
10    53
10    56
10    57
10    59
10    62
11     0
11     2
11     4
11     5
11     6
11     7
11    10
11    11
11    29
11    30
11    33
11    34
11    37
11    43
11    44
11    47
11    50
11    51
11    52
11    53
11    54
11    57
11    58
11    60
12     1
12     3
12     5
12     6
12     7
12     8
12    11
12    12
12    30
12    31
12    34
12    35
12    38
12    44
12    45
12    48
12    51
12    52
12    53
12    54
12    55
12    58
12    59
12    61
13     2
13     4
13     6
13     7
13     8
13     9
13    12
13    13
13    31
13    32
13    35
13    36
13    39
13    45
13    46
13    49
13    52
13    53
13    54
13    55
13    56
13    59
13    60
13    62
14     0
14     3
14     5
14     7
14     8
14     9
14    10
14    13
14    14
14    32
14    33
14    36
14    37
14    40
14    46
14    47
14    50
14    53
14    54
14    55
14    56
14    57
14    60
14    61
15     1
15     4
15     6
15     8
15     9
15    10
15    11
15    14
15    15
15    33
15    34
15    37
15    38
15    41
15    47
15    48
15    51
15    54
15    55
15    56
15    57
15    58
15    61
15    62
16     0
16     2
16     5
16     7
16     9
16    10
16    11
16    12
16    15
16    16
16    34
16    35
16    38
16    39
16    42
16    48
16    49
16    52
16    55
16    56
16    57
16    58
16    59
16    62
17     0
17     1
17     3
17     6
17     8
17    10
17    11
17    12
17    13
17    16
17    17
17    35
17    36
17    39
17    40
17    43
17    49
17    50
17    53
17    56
17    57
17    58
17    59
17    60