0	0
0	120
0	124
0	125
0	126
0	127
0	130
0	134
0	135
0	136
0	137
0	140
0	144
0	145
0	146
0	147
0	150
0	154
0	155
0	156
0	157
0	164
0	165
0	166
0	167
0	174
0	175
0	176
0	177
0	182
0	184
0	185
0	188
0	189
0	192
0	194
0	195
0	198
0	199
0	202
0	204
0	205
0	208
0	209
0	212
0	214
0	215
0	218
0	222
0	224
0	225
0	228
0	232
0	234
0	235
0	238
1	1
1	121
1	125
1	126
1	127
1	128
1	131
1	135
1	136
1	137
1	138
1	141
1	145
1	146
1	147
1	148
1	151
1	155
1	156
1	157
1	158
1	165
1	166
1	167
1	168
1	175
1	176
1	177
1	178
1	180
1	183
1	185
1	186
1	189
1	190
1	193
1	195
1	196
1	199
1	200
1	203
1	205
1	206
1	209
1	213
1	215
1	216
1	219
1	223
1	225
1	226
1	229
1	233
1	235
1	236
1	239
2	2
2	122
2	126
2	127
2	128
2	129
2	132
2	136
2	137
2	138
2	139
2	142
2	146
2	147
2	148
2	149
2	152
2	156
2	157
2	158
2	159
2	166
2	167
2	168
2	169
2	176
2	177
2	178
2	179
2	180
2	181
2	184
2	186
2	187
2	190
2	191
2	194
2	196
2	197
2	200
2	201
2	204
2	206
2	207
2	210
2	214
2	216
2	217
2	220
2	224
2	226
2	227
2	230
2	234
2	236
2	237
3	3
3	120
3	123
3	127
3	128
3	129
3	130
3	133
3	137
3	138
3	139
3	140
3	143
3	147
3	148
3	149
3	150
3	153
3	157
3	158
3	159
3	160
3	167
3	168
3	169
3	170
3	177
3	178
3	179
3	181
3	182
3	185
3	187
3	188
3	191
3	192
3	195
3	197
3	198
3	201
3	202
3	205
3	207
3	208
3	211
3	215
3	217
3	218
3	221
3	225
3	227
3	228
3	231
3	235
3	237
3	238
4	4
4	120
4	121
4	124
4	128
4	129
4	130
4	131
4	134
4	138
4	139
4	140
4	141
4	144
4	148
4	149
4	150
4	151
4	154
4	158
4	159
4	160
4	161
4	168
4	169
4	170
4	171
4	178
4	179
4	182
4	183
4	186
4	188
4	189
4	192
4	193
4	196
4	198
4	199
4	202
4	203
4	206
4	208
4	209
4	212
4	216
4	218
4	219
4	222
4	226
4	228
4	229
4	232
4	236
4	238
4	239
5	5
5	120
5	121
5	122
5	125
5	129
5	130
5	131
5	132
5	135
5	139
5	140
5	141
5	142
5	145
5	149
5	150
5	151
5	152
5	155
5	159
5	160
5	161
5	162
5	169
5	170
5	171
5	172
5	179
5	180
5	183
5	184
5	187
5	189
5	190
5	193
5	194
5	197
5	199
5	200
5	203
5	204
5	207
5	209
5	210
5	213
5	217
5	219
5	220
5	223
5	227
5	229
5	230
5	233
5	237
5	239
6	6
6	120
6	121
6	122
6	123
6	126
6	130
6	131
6	132
6	133
6	136
6	140
6	141
6	142
6	143
6	146
6	150
6	151
6	152
6	153
6	156
6	160
6	161
6	162
6	163
6	170
6	171
6	172
6	173
6	180
6	181
6	184
6	185
6	188
6	190
6	191
6	194
6	195
6	198
6	200
6	201
6	204
6	205
6	208
6	210
6	211
6	214
6	218
6	220
6	221
6	224
6	228
6	230
6	231
6	234
6	238
7	7
7	121
7	122
7	123
7	124
7	127
7	131
7	132
7	133
7	134
7	137
7	141
7	142
7	143
7	144
7	147
7	151
7	152
7	153
7	154
7	157
7	161
7	162
7	163
7	164
7	171
7	172
7	173
7	174
7	181
7	182
7	185
7	186
7	189
7	191
7	192
7	195
7	196
7	199
7	201
7	202
7	205
7	206
7	209
7	211
7	212
7	215
7	219
7	221
7	222
7	225
7	229
7	231
7	232
7	235
7	239
8	8
8	122
8	123
8	124
8	125
8	128
8	132
8	133
8	134
8	135
8	138
8	142
8	143
8	144
8	145
8	148
8	152
8	153
8	154
8	155
8	158
8	162
8	163
8	164
8	165
8	172
8	173
8	174
8	175
8	180
8	182
8	183
8	186
8	187
8	190
8	192
8	193
8	196
8	197
8	200
8	202
8	203
8	206
8	207
8	210
8	212
8	213
8	216
8	220
8	222
8	223
8	226
8	230
8	232
8	233
8	236
9	9
9	123
9	124
9	125
9	126
9	129
9	133
9	134
9	135
9	136
9	139
9	143
9	144
9	145
9	146
9	149
9	153
9	154
9	155
9	156
9	159
9	163
9	164
9	165
9	166
9	173
9	174
9	175
9	176
9	181
9	183
9	184
9	187
9	188
9	191
9	193
9	194
9	197
9	198
9	201
9	203
9	204
9	207
9	208
9	211
9	213
9	214
9	217
9	221
9	223
9	224
9	227
9	231
9	233
9	234
9	237
10	10
10	122
10	130
10	132
10	140
10	142
10	144
10	150
10	152
10	154
10	160
10	162
10	164
10	170
10	172
10	174
10	180
10	182
10	190
10	192
10	200
10	210
10	220
10	230
11	11
11	123
11	131
11	133
11	141
11	143
11	145
11	151
11	153
11	155
11	161
11	163
11	165
11	171
11	173
11	175
11	181
11	183
11	191
11	193
11	201
11	211
11	221
11	231
12	12
12	124
12	132
12	134
12	142
12	144
12	146
12	152
12	154
12	156
12	162
12	164
12	166
12	172
12	174
12	176
12	182
12	184
12	192
12	194
12	202
12	212
12	222
12	232
13	13
13	125
13	133
13	135
13	143
13	145
13	147
13	153
13	155
13	157
13	163
13	165
13	167
13	173
13	175
13	177
13	183
13	185
13	193
13	195
13	203
13	213
13	223
13	233
14	14
14	126
14	134
14	136
14	144
14	146
14	148
14	154
14	156
14	158
14	164
14	166
14	168
14	174
14	176
14	178
14	184
14	186
14	194
14	196
14	204
14	214
14	224
14	234
15	15
15	127
15	135
15	137
15	145
15	147
15	149
15	155
15	157
15	159
15	165
15	167
15	169
15	175
15	177
15	179
15	185
15	187
15	195
15	197
15	205
15	215
15	225
15	235
16	16
16	128
16	136
16	138
16	140
16	146
16	148
16	150
16	156
16	158
16	160
16	166
16	168
16	170
16	176
16	178
16	186
16	188
16	196
16	198
16	206
16	216
16	226
16	236
17	17
17	129
17	137
17	139
17	141
17	147
17	149
17	151
17	157
17	159
17	161
17	167
17	169
17	171
17	177
17	179
17	187
17	189
17	197
17	199
17	207
17	217
17	227
17	237
18	18
18	120
18	130
18	138
18	140
18	142
18	148
18	150
18	152
18	158
18	160
18	162
18	168
18	170
18	172
18	178
18	180
18	188
18	190
18	198
18	208
18	218
18	228
18	238
19	19
19	121
19	131
19	139
19	141
19	143
19	149
19	151
19	153
19	159
19	161
19	163
19	169
19	171
19	173
19	179
19	181
19	189
19	191
19	199
19	209
19	219
19	229
19	239
20	20
20	120
20	121
20	123
20	124
20	127
20	129
20	131
20	133
20	134
20	137
20	139
20	141
20	143
20	144
20	147
20	149
20	151
20	153
20	154
20	157
20	159
20	161
20	163
20	164
20	166
20	167
20	169
20	171
20	173
20	176
20	177
20	179
20	182
20	185
20	187
20	192
20	195
20	197
20	198
20	201
20	202
20	205
20	207
20	208
20	211
20	212
20	215
20	217
20	218
20	221
20	222
20	225
20	227
20	228
20	231
20	232
20	235
20	237
20	238
20	239
21	21
21	120
21	121
21	122
21	124
21	125
21	128
21	130
21	132
21	134
21	135
21	138
21	140
21	142
21	144
21	145
21	148
21	150
21	152
21	154
21	155
21	158
21	160
21	162
21	164
21	165
21	167
21	168
21	170
21	172
21	174
21	177
21	178
21	183
21	186
21	188
21	193
21	196
21	198
21	199
21	202
21	203
21	206
21	208
21	209
21	212
21	213
21	216
21	218
21	219
21	222
21	223
21	226
21	228
21	229
21	230
21	232
21	233
21	236
21	238
21	239
22	22
22	121
22	122
22	123
22	125
22	126
22	129
22	131
22	133
22	135
22	136
22	139
22	141
22	143
22	145
22	146
22	149
22	151
22	153
22	155
22	156
22	159
22	161
22	163
22	165
22	166
22	168
22	169
22	171
22	173
22	175
22	178
22	179
22	184
22	187
22	189
22	190
22	194
22	197
22	199
22	200
22	203
22	204
22	207
22	209
22	210
22	213
22	214
22	217
22	219
22	220
22	223
22	224
22	227
22	229
22	230
22	231
22	233
22	234
22	237
22	239
23	23
23	120
23	122
23	123
23	124
23	126
23	127
23	130
23	132
23	134
23	136
23	137
23	140
23	142
23	144
23	146
23	147
23	150
23	152
23	154
23	156
23	157
23	160
23	162
23	164
23	166
23	167
23	169
23	170
23	172
23	174
23	176
23	179
23	180
23	185
23	188
23	190
23	191
23	195
23	198
23	200
23	201
23	204
23	205
23	208
23	210
23	211
23	214
23	215
23	218
23	220
23	221
23	224
23	225
23	228
23	230
23	231
23	232
23	234
23	235
23	238
24	24
24	121
24	123
24	124
24	125
24	127
24	128
24	131
24	133
24	135
24	137
24	138
24	141
24	143
24	145
24	147
24	148
24	151
24	153
24	155
24	157
24	158
24	160
24	161
24	163
24	165
24	167
24	168
24	170
24	171
24	173
24	175
24	177
24	181
24	186
24	189
24	191
24	192
24	196
24	199
24	201
24	202
24	205
24	206
24	209
24	211
24	212
24	215
24	216
24	219
24	221
24	222
24	225
24	226
24	229
24	231
24	232
24	233
24	235
24	236
24	239
25	25
25	122
25	124
25	125
25	126
25	128
25	129
25	132
25	134
25	136
25	138
25	139
25	142
25	144
25	146
25	148
25	149
25	152
25	154
25	156
25	158
25	159
25	161
25	162
25	164
25	166
25	168
25	169
25	171
25	172
25	174
25	176
25	178
25	180
25	182
25	187
25	190
25	192
25	193
25	197
25	200
25	202
25	203
25	206
25	207
25	210
25	212
25	213
25	216
25	217
25	220
25	222
25	223
25	226
25	227
25	230
25	232
25	233
25	234
25	236
25	237
26	26
26	120
26	123
26	125
26	126
26	127
26	129
26	130
26	133
26	135
26	137
26	139
26	140
26	143
26	145
26	147
26	149
26	150
26	153
26	155
26	157
26	159
26	160
26	162
26	163
26	165
26	167
26	169
26	172
26	173
26	175
26	177
26	179
26	181
26	183
26	188
26	191
26	193
26	194
26	198
26	201
26	203
26	204
26	207
26	208
26	211
26	213
26	214
26	217
26	218
26	221
26	223
26	224
26	227
26	228
26	231
26	233
26	234
26	235
26	237
26	238
27	27
27	120
27	121
27	124
27	126
27	127
27	128
27	130
27	131
27	134
27	136
27	138
27	140
27	141
27	144
27	146
27	148
27	150
27	151
27	154
27	156
27	158
27	160
27	161
27	163
27	164
27	166
27	168
27	170
27	173
27	174
27	176
27	178
27	182
27	184
27	189
27	192
27	194
27	195
27	199
27	202
27	204
27	205
27	208
27	209
27	212
27	214
27	215
27	218
27	219
27	222
27	224
27	225
27	228
27	229
27	232
27	234
27	235
27	236
27	238
27	239
28	28
28	121
28	122
28	125
28	127
28	128
28	129
28	131
28	132
28	135
28	137
28	139
28	141
28	142
28	145
28	147
28	149
28	151
28	152
28	155
28	157
28	159
28	161
28	162
28	164
28	165
28	167
28	169
28	171
28	174
28	175
28	177
28	179
28	180
28	183
28	185
28	190
28	193
28	195
28	196
28	200
28	203
28	205
28	206
28	209
28	210
28	213
28	215
28	216
28	219
28	220
28	223
28	225
28	226
28	229
28	230
28	233
28	235
28	236
28	237
28	239
29	29
29	120
29	122
29	123
29	126
29	128
29	129
29	130
29	132
29	133
29	136
29	138
29	140
29	142
29	143
29	146
29	148
29	150
29	152
29	153
29	156
29	158
29	160
29	162
29	163
29	165
29	166
29	168
29	170
29	172
29	175
29	176
29	178
29	181
29	184
29	186
29	191
29	194
29	196
29	197
29	200
29	201
29	204
29	206
29	207
29	210
29	211
29	214
29	216
29	217
29	220
29	221
29	224
29	226
29	227
29	230
29	231
29	234
29	236
29	237
29	238
30	30
30	121
30	122
30	123
30	124
30	127
30	131
30	132
30	133
30	134
30	137
30	141
30	142
30	143
30	144
30	147
30	150
30	151
30	152
30	153
30	154
30	157
30	160
30	161
30	162
30	163
30	164
30	167
30	170
30	171
30	172
30	173
30	174
30	177
30	180
30	181
30	182
30	185
30	186
30	187
30	189
30	190
30	191
30	192
30	195
30	196
30	199
30	200
30	201
30	202
30	205
30	206
30	209
30	210
30	211
30	212
30	215
30	216
30	219
30	220
30	221
30	222
30	225
30	226
30	229
30	230
30	231
30	232
30	235
30	239
31	31
31	122
31	123
31	124
31	125
31	128
31	132
31	133
31	134
31	135
31	138
31	142
31	143
31	144
31	145
31	148
31	151
31	152
31	153
31	154
31	155
31	158
31	161
31	162
31	163
31	164
31	165
31	168
31	171
31	172
31	173
31	174
31	175
31	178
31	180
31	181
31	182
31	183
31	186
31	187
31	188
31	190
31	191
31	192
31	193
31	196
31	197
31	200
31	201
31	202
31	203
31	206
31	207
31	210
31	211
31	212
31	213
31	216
31	217
31	220
31	221
31	222
31	223
31	226
31	227
31	230
31	231
31	232
31	233
31	236
32	32
32	123
32	124
32	125
32	126
32	129
32	133
32	134
32	135
32	136
32	139
32	143
32	144
32	145
32	146
32	149
32	152
32	153
32	154
32	155
32	156
32	159
32	162
32	163
32	164
32	165
32	166
32	169
32	172
32	173
32	174
32	175
32	176
32	179
32	181
32	182
32	183
32	184
32	187
32	188
32	189
32	191
32	192
32	193
32	194
32	197
32	198
32	201
32	202
32	203
32	204
32	207
32	208
32	211
32	212
32	213
32	214
32	217
32	218
32	221
32	222
32	223
32	224
32	227
32	228
32	231
32	232
32	233
32	234
32	237
33	33
33	120
33	124
33	125
33	126
33	127
33	130
33	134
33	135
33	136
33	137
33	140
33	144
33	145
33	146
33	147
33	150
33	153
33	154
33	155
33	156
33	157
33	160
33	163
33	164
33	165
33	166
33	167
33	170
33	173
33	174
33	175
33	176
33	177
33	180
33	182
33	183
33	184
33	185
33	188
33	189
33	192
33	193
33	194
33	195
33	198
33	199
33	202
33	203
33	204
33	205
33	208
33	209
33	212
33	213
33	214
33	215
33	218
33	219
33	222
33	223
33	224
33	225
33	228
33	229
33	232
33	233
33	234
33	235
33	238
34	34
34	121
34	125
34	126
34	127
34	128
34	131
34	135
34	136
34	137
34	138
34	141
34	145
34	146
34	147
34	148
34	151
34	154
34	155
34	156
34	157
34	158
34	161
34	164
34	165
34	166
34	167
34	168
34	171
34	174
34	175
34	176
34	177
34	178
34	180
34	181
34	183
34	184
34	185
34	186
34	189
34	190
34	193
34	194
34	195
34	196
34	199
34	200
34	203
34	204
34	205
34	206
34	209
34	210
34	213
34	214
34	215
34	216
34	219
34	220
34	223
34	224
34	225
34	226
34	229
34	233
34	234
34	235
34	236
34	239
35	35
35	122
35	126
35	127
35	128
35	129
35	132
35	136
35	137
35	138
35	139
35	142
35	146
35	147
35	148
35	149
35	152
35	155
35	156
35	157
35	158
35	159
35	162
35	165
35	166
35	167
35	168
35	169
35	172
35	175
35	176
35	177
35	178
35	179
35	180
35	181
35	182
35	184
35	185
35	186
35	187
35	190
35	191
35	194
35	195
35	196
35	197
35	200
35	201
35	204
35	205
35	206
35	207
35	210
35	211
35	214
35	215
35	216
35	217
35	220
35	221
35	224
35	225
35	226
35	227
35	230
35	234
35	235
35	236
35	237
36	36
36	120
36	123
36	127
36	128
36	129
36	130
36	133
36	137
36	138
36	139
36	140
36	143
36	147
36	148
36	149
36	150
36	153
36	156
36	157
36	158
36	159
36	160
36	163
36	166
36	167
36	168
36	169
36	170
36	173
36	176
36	177
36	178
36	179
36	181
36	182
36	183
36	185
36	186
36	187
36	188
36	191
36	192
36	195
36	196
36	197
36	198
36	201
36	202
36	205
36	206
36	207
36	208
36	211
36	212
36	215
36	216
36	217
36	218
36	221
36	222
36	225
36	226
36	227
36	228
36	231
36	235
36	236
36	237
36	238
37	37
37	120
37	121
37	124
37	128
37	129
37	130
37	131
37	134
37	138
37	139
37	140
37	141
37	144
37	148
37	149
37	150
37	151
37	154
37	157
37	158
37	159
37	160
37	161
37	164
37	167
37	168
37	169
37	170
37	171
37	174
37	177
37	178
37	179
37	182
37	183
37	184
37	186
37	187
37	188
37	189
37	192
37	193
37	196
37	197
37	198
37	199
37	202
37	203
37	206
37	207
37	208
37	209
37	212
37	213
37	216
37	217
37	218
37	219
37	222
37	223
37	226
37	227
37	228
37	229
37	232
37	236
37	237
37	238
37	239
38	38
38	120
38	121
38	122
38	125
38	129
38	130
38	131
38	132
38	135
38	139
38	140
38	141
38	142
38	145
38	149
38	150
38	151
38	152
38	155
38	158
38	159
38	160
38	161
38	162
38	165
38	168
38	169
38	170
38	171
38	172
38	175
38	178
38	179
38	180
38	183
38	184
38	185
38	187
38	188
38	189
38	190
38	193
38	194
38	197
38	198
38	199
38	200
38	203
38	204
38	207
38	208
38	209
38	210
38	213
38	214
38	217
38	218
38	219
38	220
38	223
38	224
38	227
38	228
38	229
38	230
38	233
38	237
38	238
38	239
39	39
39	120
39	121
39	122
39	123
39	126
39	130
39	131
39	132
39	133
39	136
39	140
39	141
39	142
39	143
39	146
39	150
39	151
39	152
39	153
39	156
39	159
39	160
39	161
39	162
39	163
39	166
39	169
39	170
39	171
39	172
39	173
39	176
39	179
39	180
39	181
39	184
39	185
39	186
39	188
39	189
39	190
39	191
39	194
39	195
39	198
39	199
39	200
39	201
39	204
39	205
39	208
39	209
39	210
39	211
39	214
39	215
39	218
39	219
39	220
39	221
39	224
39	225
39	228
39	229
39	230
39	231
39	234
39	238
39	239
40	40
40	120
40	121
40	123
40	124
40	126
40	130
40	131
40	133
40	134
40	136
40	140
40	141
40	143
40	144
40	146
40	151
40	153
40	154
40	156
40	161
40	163
40	164
40	166
40	171
40	173
40	174
40	176
40	181
40	182
40	184
40	185
40	188
40	189
40	191
40	192
40	194
40	195
40	198
40	199
40	201
40	202
40	204
40	205
40	208
40	209
40	211
40	212
40	214
40	218
40	219
40	221
40	222
40	224
40	228
40	229
40	231
40	232
40	234
40	238
40	239
41	41
41	121
41	122
41	124
41	125
41	127
41	131
41	132
41	134
41	135
41	137
41	141
41	142
41	144
41	145
41	147
41	152
41	154
41	155
41	157
41	162
41	164
41	165
41	167
41	172
41	174
41	175
41	177
41	180
41	182
41	183
41	185
41	186
41	189
41	190
41	192
41	193
41	195
41	196
41	199
41	200
41	202
41	203
41	205
41	206
41	209
41	210
41	212
41	213
41	215
41	219
41	220
41	222
41	223
41	225
41	229
41	230
41	232
41	233
41	235
41	239
42	42
42	122
42	123
42	125
42	126
42	128
42	132
42	133
42	135
42	136
42	138
42	142
42	143
42	145
42	146
42	148
42	153
42	155
42	156
42	158
42	163
42	165
42	166
42	168
42	173
42	175
42	176
42	178
42	180
42	181
42	183
42	184
42	186
42	187
42	190
42	191
42	193
42	194
42	196
42	197
42	200
42	201
42	203
42	204
42	206
42	207
42	210
42	211
42	213
42	214
42	216
42	220
42	221
42	223
42	224
42	226
42	230
42	231
42	233
42	234
42	236
43	43
43	123
43	124
43	126
43	127
43	129
43	133
43	134
43	136
43	137
43	139
43	143
43	144
43	146
43	147
43	149
43	154
43	156
43	157
43	159
43	164
43	166
43	167
43	169
43	174
43	176
43	177
43	179
43	181
43	182
43	184
43	185
43	187
43	188
43	191
43	192
43	194
43	195
43	197
43	198
43	201
43	202
43	204
43	205
43	207
43	208
43	211
43	212
43	214
43	215
43	217
43	221
43	222
43	224
43	225
43	227
43	231
43	232
43	234
43	235
43	237
44	44
44	120
44	124
44	125
44	127
44	128
44	130
44	134
44	135
44	137
44	138
44	140
44	144
44	145
44	147
44	148
44	150
44	155
44	157
44	158
44	160
44	165
44	167
44	168
44	170
44	175
44	177
44	178
44	182
44	183
44	185
44	186
44	188
44	189
44	192
44	193
44	195
44	196
44	198
44	199
44	202
44	203
44	205
44	206
44	208
44	209
44	212
44	213
44	215
44	216
44	218
44	222
44	223
44	225
44	226
44	228
44	232
44	233
44	235
44	236
44	238
45	45
45	121
45	125
45	126
45	128
45	129
45	131
45	135
45	136
45	138
45	139
45	141
45	145
45	146
45	148
45	149
45	151
45	156
45	158
45	159
45	161
45	166
45	168
45	169
45	171
45	176
45	178
45	179
45	180
45	183
45	184
45	186
45	187
45	189
45	190
45	193
45	194
45	196
45	197
45	199
45	200
45	203
45	204
45	206
45	207
45	209
45	213
45	214
45	216
45	217
45	219
45	223
45	224
45	226
45	227
45	229
45	233
45	234
45	236
45	237
45	239
46	46
46	120
46	122
46	126
46	127
46	129
46	130
46	132
46	136
46	137
46	139
46	140
46	142
46	146
46	147
46	149
46	150
46	152
46	157
46	159
46	160
46	162
46	167
46	169
46	170
46	172
46	177
46	179
46	180
46	181
46	184
46	185
46	187
46	188
46	190
46	191
46	194
46	195
46	197
46	198
46	200
46	201
46	204
46	205
46	207
46	208
46	210
46	214
46	215
46	217
46	218
46	220
46	224
46	225
46	227
46	228
46	230
46	234
46	235
46	237
46	238
47	47
47	120
47	121
47	123
47	127
47	128
47	130
47	131
47	133
47	137
47	138
47	140
47	141
47	143
47	147
47	148
47	150
47	151
47	153
47	158
47	160
47	161
47	163
47	168
47	170
47	171
47	173
47	178
47	181
47	182
47	185
47	186
47	188
47	189
47	191
47	192
47	195
47	196
47	198
47	199
47	201
47	202
47	205
47	206
47	208
47	209
47	211
47	215
47	216
47	218
47	219
47	221
47	225
47	226
47	228
47	229
47	231
47	235
47	236
47	238
47	239
48	48
48	121
48	122
48	124
48	128
48	129
48	131
48	132
48	134
48	138
48	139
48	141
48	142
48	144
48	148
48	149
48	151
48	152
48	154
48	159
48	161
48	162
48	164
48	169
48	171
48	172
48	174
48	179
48	180
48	182
48	183
48	186
48	187
48	189
48	190
48	192
48	193
48	196
48	197
48	199
48	200
48	202
48	203
48	206
48	207
48	209
48	210
48	212
48	216
48	217
48	219
48	220
48	222
48	226
48	227
48	229
48	230
48	232
48	236
48	237
48	239
49	49
49	120
49	122
49	123
49	125
49	129
49	130
49	132
49	133
49	135
49	139
49	140
49	142
49	143
49	145
49	149
49	150
49	152
49	153
49	155
49	160
49	162
49	163
49	165
49	170
49	172
49	173
49	175
49	180
49	181
49	183
49	184
49	187
49	188
49	190
49	191
49	193
49	194
49	197
49	198
49	200
49	201
49	203
49	204
49	207
49	208
49	210
49	211
49	213
49	217
49	218
49	220
49	221
49	223
49	227
49	228
49	230
49	231
49	233
49	237
49	238
50	50
50	120
50	121
50	123
50	124
50	127
50	128
50	130
50	131
50	133
50	134
50	137
50	138
50	141
50	143
50	144
50	147
50	148
50	151
50	154
50	157
50	158
50	161
50	164
50	167
50	168
50	171
50	174
50	177
50	178
50	180
50	181
50	182
50	184
50	185
50	186
50	187
50	188
50	189
50	190
50	191
50	192
50	194
50	195
50	196
50	197
50	198
50	199
50	200
50	201
50	202
50	204
50	205
50	206
50	207
50	208
50	209
50	210
50	211
50	212
50	214
50	215
50	216
50	218
50	219
50	220
50	221
50	222
50	225
50	226
50	228
50	229
50	230
50	231
50	232
50	235
50	236
50	238
50	239
51	51
51	121
51	122
51	124
51	125
51	128
51	129
51	131
51	132
51	134
51	135
51	138
51	139
51	142
51	144
51	145
51	148
51	149
51	152
51	155
51	158
51	159
51	162
51	165
51	168
51	169
51	172
51	175
51	178
51	179
51	180
51	181
51	182
51	183
51	185
51	186
51	187
51	188
51	189
51	190
51	191
51	192
51	193
51	195
51	196
51	197
51	198
51	199
51	200
51	201
51	202
51	203
51	205
51	206
51	207
51	208
51	209
51	210
51	211
51	212
51	213
51	215
51	216
51	217
51	219
51	220
51	221
51	222
51	223
51	226
51	227
51	229
51	230
51	231
51	232
51	233
51	236
51	237
51	239
52	52
52	120
52	122
52	123
52	125
52	126
52	129
52	130
52	132
52	133
52	135
52	136
52	139
52	140
52	143
52	145
52	146
52	149
52	150
52	153
52	156
52	159
52	160
52	163
52	166
52	169
52	170
52	173
52	176
52	179
52	180
52	181
52	182
52	183
52	184
52	186
52	187
52	188
52	189
52	190
52	191
52	192
52	193
52	194
52	196
52	197
52	198
52	199
52	200
52	201
52	202
52	203
52	204
52	206
52	207
52	208
52	209
52	210
52	211
52	212
52	213
52	214
52	216
52	217
52	218
52	220
52	221
52	222
52	223
52	224
52	227
52	228
52	230
52	231
52	232
52	233
52	234
52	237
52	238
53	53
53	120
53	121
53	123
53	124
53	126
53	127
53	130
53	131
53	133
53	134
53	136
53	137
53	140
53	141
53	144
53	146
53	147
53	150
53	151
53	154
53	157
53	160
53	161
53	164
53	167
53	170
53	171
53	174
53	177
53	180
53	181
53	182
53	183
53	184
53	185
53	187
53	188
53	189
53	190
53	191
53	192
53	193
53	194
53	195
53	197
53	198
53	199
53	200
53	201
53	202
53	203
53	204
53	205
53	207
53	208
53	209
53	211
53	212
53	213
53	214
53	215
53	217
53	218
53	219
53	221
53	222
53	223
53	224
53	225
53	228
53	229
53	231
53	232
53	233
53	234
53	235
53	238
53	239
54	54
54	121
54	122
54	124
54	125
54	127
54	128
54	131
54	132
54	134
54	135
54	137
54	138
54	141
54	142
54	145
54	147
54	148
54	151
54	152
54	155
54	158
54	161
54	162
54	165
54	168
54	171
54	172
54	175
54	178
54	180
54	181
54	182
54	183
54	184
54	185
54	186
54	188
54	189
54	190
54	191
54	192
54	193
54	194
54	195
54	196
54	198
54	199
54	200
54	201
54	202
54	203
54	204
54	205
54	206
54	208
54	209
54	210
54	212
54	213
54	214
54	215
54	216
54	218
54	219
54	220
54	222
54	223
54	224
54	225
54	226
54	229
54	230
54	232
54	233
54	234
54	235
54	236
54	239
55	55
55	122
55	123
55	125
55	126
55	128
55	129
55	132
55	133
55	135
55	136
55	138
55	139
55	142
55	143
55	146
55	148
55	149
55	152
55	153
55	156
55	159
55	162
55	163
55	166
55	169
55	172
55	173
55	176
55	179
55	180
55	181
55	182
55	183
55	184
55	185
55	186
55	187
55	189
55	190
55	191
55	192
55	193
55	194
55	195
55	196
55	197
55	199
55	200
55	201
55	202
55	203
55	204
55	205
55	206
55	207
55	209
55	210
55	211
55	213
55	214
55	215
55	216
55	217
55	219
55	220
55	221
55	223
55	224
55	225
55	226
55	227
55	230
55	231
55	233
55	234
55	235
55	236
55	237
56	56
56	120
56	123
56	124
56	126
56	127
56	129
56	130
56	133
56	134
56	136
56	137
56	139
56	140
56	143
56	144
56	147
56	149
56	150
56	153
56	154
56	157
56	160
56	163
56	164
56	167
56	170
56	173
56	174
56	177
56	180
56	181
56	182
56	183
56	184
56	185
56	186
56	187
56	188
56	190
56	191
56	192
56	193
56	194
56	195
56	196
56	197
56	198
56	200
56	201
56	202
56	203
56	204
56	205
56	206
56	207
56	208
56	210
56	211
56	212
56	214
56	215
56	216
56	217
56	218
56	221
56	222
56	224
56	225
56	226
56	227
56	228
56	231
56	232
56	234
56	235
56	236
56	237
56	238
57	57
57	120
57	121
57	124
57	125
57	127
57	128
57	130
57	131
57	134
57	135
57	137
57	138
57	140
57	141
57	144
57	145
57	148
57	151
57	154
57	155
57	158
57	161
57	164
57	165
57	168
57	171
57	174
57	175
57	178
57	181
57	182
57	183
57	184
57	185
57	186
57	187
57	188
57	189
57	191
57	192
57	193
57	194
57	195
57	196
57	197
57	198
57	199
57	201
57	202
57	203
57	204
57	205
57	206
57	207
57	208
57	209
57	211
57	212
57	213
57	215
57	216
57	217
57	218
57	219
57	222
57	223
57	225
57	226
57	227
57	228
57	229
57	232
57	233
57	235
57	236
57	237
57	238
57	239
58	58
58	121
58	122
58	125
58	126
58	128
58	129
58	131
58	132
58	135
58	136
58	138
58	139
58	141
58	142
58	145
58	146
58	149
58	152
58	155
58	156
58	159
58	162
58	165
58	166
58	169
58	172
58	175
58	176
58	179
58	180
58	182
58	183
58	184
58	185
58	186
58	187
58	188
58	189
58	190
58	192
58	193
58	194
58	195
58	196
58	197
58	198
58	199
58	200
58	202
58	203
58	204
58	205
58	206
58	207
58	208
58	209
58	210
58	212
58	213
58	214
58	216
58	217
58	218
58	219
58	220
58	223
58	224
58	226
58	227
58	228
58	229
58	230
58	233
58	234
58	236
58	237
58	238
58	239
59	59
59	120
59	122
59	123
59	126
59	127
59	129
59	130
59	132
59	133
59	136
59	137
59	139
59	140
59	142
59	143
59	146
59	147
59	150
59	153
59	156
59	157
59	160
59	163
59	166
59	167
59	170
59	173
59	176
59	177
59	180
59	181
59	183
59	184
59	185
59	186
59	187
59	188
59	189
59	190
59	191
59	193
59	194
59	195
59	196
59	197
59	198
59	199
59	200
59	201
59	203
59	204
59	205
59	206
59	207
59	208
59	209
59	210
59	211
59	213
59	214
59	215
59	217
59	218
59	219
59	220
59	221
59	224
59	225
59	227
59	228
59	229
59	230
59	231
59	234
59	235
59	237
59	238
59	239
60	60
60	122
60	123
60	124
60	127
60	129
60	132
60	133
60	134
60	137
60	139
60	140
60	142
60	143
60	144
60	147
60	149
60	150
60	152
60	153
60	154
60	157
60	159
60	160
60	162
60	163
60	164
60	167
60	169
60	170
60	172
60	174
60	177
60	179
60	180
60	181
60	182
60	185
60	186
60	187
60	190
60	191
60	192
60	195
60	196
60	197
60	200
60	201
60	202
60	205
60	207
60	210
60	211
60	212
60	215
60	217
60	220
60	221
60	222
60	225
60	227
60	230
60	231
60	232
60	235
60	237
61	61
61	120
61	123
61	124
61	125
61	128
61	130
61	133
61	134
61	135
61	138
61	140
61	141
61	143
61	144
61	145
61	148
61	150
61	151
61	153
61	154
61	155
61	158
61	160
61	161
61	163
61	164
61	165
61	168
61	170
61	171
61	173
61	175
61	178
61	181
61	182
61	183
61	186
61	187
61	188
61	191
61	192
61	193
61	196
61	197
61	198
61	201
61	202
61	203
61	206
61	208
61	211
61	212
61	213
61	216
61	218
61	221
61	222
61	223
61	226
61	228
61	231
61	232
61	233
61	236
61	238
62	62
62	121
62	124
62	125
62	126
62	129
62	131
62	134
62	135
62	136
62	139
62	141
62	142
62	144
62	145
62	146
62	149
62	151
62	152
62	154
62	155
62	156
62	159
62	161
62	162
62	164
62	165
62	166
62	169
62	171
62	172
62	174
62	176
62	179
62	182
62	183
62	184
62	187
62	188
62	189
62	192
62	193
62	194
62	197
62	198
62	199
62	202
62	203
62	204
62	207
62	209
62	212
62	213
62	214
62	217
62	219
62	222
62	223
62	224
62	227
62	229
62	232
62	233
62	234
62	237
62	239
63	63
63	120
63	122
63	125
63	126
63	127
63	130
63	132
63	135
63	136
63	137
63	140
63	142
63	143
63	145
63	146
63	147
63	150
63	152
63	153
63	155
63	156
63	157
63	160
63	162
63	163
63	165
63	166
63	167
63	170
63	172
63	173
63	175
63	177
63	180
63	183
63	184
63	185
63	188
63	189
63	190
63	193
63	194
63	195
63	198
63	199
63	200
63	203
63	204
63	205
63	208
63	210
63	213
63	214
63	215
63	218
63	220
63	223
63	224
63	225
63	228
63	230
63	233
63	234
63	235
63	238
64	64
64	121
64	123
64	126
64	127
64	128
64	131
64	133
64	136
64	137
64	138
64	141
64	143
64	144
64	146
64	147
64	148
64	151
64	153
64	154
64	156
64	157
64	158
64	161
64	163
64	164
64	166
64	167
64	168
64	171
64	173
64	174
64	176
64	178
64	180
64	181
64	184
64	185
64	186
64	189
64	190
64	191
64	194
64	195
64	196
64	199
64	201
64	204
64	205
64	206
64	209
64	211
64	214
64	215
64	216
64	219
64	221
64	224
64	225
64	226
64	229
64	231
64	234
64	235
64	236
64	239
65	65
65	122
65	124
65	127
65	128
65	129
65	132
65	134
65	137
65	138
65	139
65	142
65	144
65	145
65	147
65	148
65	149
65	152
65	154
65	155
65	157
65	158
65	159
65	162
65	164
65	165
65	167
65	168
65	169
65	172
65	174
65	175
65	177
65	179
65	180
65	181
65	182
65	185
65	186
65	187
65	190
65	191
65	192
65	195
65	196
65	197
65	200
65	202
65	205
65	206
65	207
65	210
65	212
65	215
65	216
65	217
65	220
65	222
65	225
65	226
65	227
65	230
65	232
65	235
65	236
65	237
66	66
66	120
66	123
66	125
66	128
66	129
66	130
66	133
66	135
66	138
66	139
66	140
66	143
66	145
66	146
66	148
66	149
66	150
66	153
66	155
66	156
66	158
66	159
66	160
66	163
66	165
66	166
66	168
66	169
66	170
66	173
66	175
66	176
66	178
66	181
66	182
66	183
66	186
66	187
66	188
66	191
66	192
66	193
66	196
66	197
66	198
66	201
66	203
66	206
66	207
66	208
66	211
66	213
66	216
66	217
66	218
66	221
66	223
66	226
66	227
66	228
66	231
66	233
66	236
66	237
66	238
67	67
67	120
67	121
67	124
67	126
67	129
67	130
67	131
67	134
67	136
67	139
67	140
67	141
67	144
67	146
67	147
67	149
67	150
67	151
67	154
67	156
67	157
67	159
67	160
67	161
67	164
67	166
67	167
67	169
67	171
67	174
67	176
67	177
67	179
67	182
67	183
67	184
67	187
67	188
67	189
67	192
67	193
67	194
67	197
67	198
67	199
67	202
67	204
67	207
67	208
67	209
67	212
67	214
67	217
67	218
67	219
67	222
67	224
67	227
67	228
67	229
67	232
67	234
67	237
67	238
67	239
68	68
68	120
68	121
68	122
68	125
68	127
68	130
68	131
68	132
68	135
68	137
68	140
68	141
68	142
68	145
68	147
68	148
68	150
68	151
68	152
68	155
68	157
68	158
68	160
68	161
68	162
68	165
68	167
68	168
68	170
68	172
68	175
68	177
68	178
68	180
68	183
68	184
68	185
68	188
68	189
68	190
68	193
68	194
68	195
68	198
68	199
68	200
68	203
68	205
68	208
68	209
68	210
68	213
68	215
68	218
68	219
68	220
68	223
68	225
68	228
68	229
68	230
68	233
68	235
68	238
68	239
69	69
69	121
69	122
69	123
69	126
69	128
69	131
69	132
69	133
69	136
69	138
69	141
69	142
69	143
69	146
69	148
69	149
69	151
69	152
69	153
69	156
69	158
69	159
69	161
69	162
69	163
69	166
69	168
69	169
69	171
69	173
69	176
69	178
69	179
69	180
69	181
69	184
69	185
69	186
69	189
69	190
69	191
69	194
69	195
69	196
69	199
69	200
69	201
69	204
69	206
69	209
69	210
69	211
69	214
69	216
69	219
69	220
69	221
69	224
69	226
69	229
69	230
69	231
69	234
69	236
69	239
70	70
70	123
70	125
70	127
70	129
70	133
70	135
70	137
70	139
70	140
70	143
70	145
70	147
70	149
70	150
70	153
70	155
70	157
70	160
70	163
70	165
70	167
70	170
70	173
70	175
70	177
70	180
70	181
70	183
70	185
70	189
70	190
70	191
70	193
70	195
70	199
70	200
70	201
70	203
70	205
70	209
70	211
70	213
70	215
70	219
70	221
70	223
70	225
70	231
70	233
70	235
71	71
71	120
71	124
71	126
71	128
71	130
71	134
71	136
71	138
71	140
71	141
71	144
71	146
71	148
71	151
71	154
71	156
71	158
71	161
71	164
71	166
71	168
71	171
71	174
71	176
71	178
71	180
71	181
71	182
71	184
71	186
71	190
71	191
71	192
71	194
71	196
71	200
71	201
71	202
71	204
71	206
71	210
71	212
71	214
71	216
71	222
71	224
71	226
71	232
71	234
71	236
72	72
72	121
72	125
72	127
72	129
72	131
72	135
72	137
72	139
72	141
72	142
72	145
72	147
72	149
72	152
72	155
72	157
72	159
72	162
72	165
72	167
72	169
72	172
72	175
72	177
72	179
72	181
72	182
72	183
72	185
72	187
72	191
72	192
72	193
72	195
72	197
72	201
72	202
72	203
72	205
72	207
72	211
72	213
72	215
72	217
72	223
72	225
72	227
72	233
72	235
72	237
73	73
73	120
73	122
73	126
73	128
73	130
73	132
73	136
73	138
73	140
73	142
73	143
73	146
73	148
73	150
73	153
73	156
73	158
73	160
73	163
73	166
73	168
73	170
73	173
73	176
73	178
73	182
73	183
73	184
73	186
73	188
73	192
73	193
73	194
73	196
73	198
73	202
73	203
73	204
73	206
73	208
73	212
73	214
73	216
73	218
73	224
73	226
73	228
73	234
73	236
73	238
74	74
74	121
74	123
74	127
74	129
74	131
74	133
74	137
74	139
74	141
74	143
74	144
74	147
74	149
74	151
74	154
74	157
74	159
74	161
74	164
74	167
74	169
74	171
74	174
74	177
74	179
74	183
74	184
74	185
74	187
74	189
74	193
74	194
74	195
74	197
74	199
74	203
74	204
74	205
74	207
74	209
74	213
74	215
74	217
74	219
74	225
74	227
74	229
74	235
74	237
74	239
75	75
75	120
75	122
75	124
75	128
75	130
75	132
75	134
75	138
75	140
75	142
75	144
75	145
75	148
75	150
75	152
75	155
75	158
75	160
75	162
75	165
75	168
75	170
75	172
75	175
75	178
75	180
75	184
75	185
75	186
75	188
75	190
75	194
75	195
75	196
75	198
75	200
75	204
75	205
75	206
75	208
75	210
75	214
75	216
75	218
75	220
75	226
75	228
75	230
75	236
75	238
76	76
76	121
76	123
76	125
76	129
76	131
76	133
76	135
76	139
76	141
76	143
76	145
76	146
76	149
76	151
76	153
76	156
76	159
76	161
76	163
76	166
76	169
76	171
76	173
76	176
76	179
76	181
76	185
76	186
76	187
76	189
76	191
76	195
76	196
76	197
76	199
76	201
76	205
76	206
76	207
76	209
76	211
76	215
76	217
76	219
76	221
76	227
76	229
76	231
76	237
76	239
77	77
77	120
77	122
77	124
77	126
77	130
77	132
77	134
77	136
77	140
77	142
77	144
77	146
77	147
77	150
77	152
77	154
77	157
77	160
77	162
77	164
77	167
77	170
77	172
77	174
77	177
77	180
77	182
77	186
77	187
77	188
77	190
77	192
77	196
77	197
77	198
77	200
77	202
77	206
77	207
77	208
77	210
77	212
77	216
77	218
77	220
77	222
77	228
77	230
77	232
77	238
78	78
78	121
78	123
78	125
78	127
78	131
78	133
78	135
78	137
78	141
78	143
78	145
78	147
78	148
78	151
78	153
78	155
78	158
78	161
78	163
78	165
78	168
78	171
78	173
78	175
78	178
78	181
78	183
78	187
78	188
78	189
78	191
78	193
78	197
78	198
78	199
78	201
78	203
78	207
78	208
78	209
78	211
78	213
78	217
78	219
78	221
78	223
78	229
78	231
78	233
78	239
79	79
79	122
79	124
79	126
79	128
79	132
79	134
79	136
79	138
79	142
79	144
79	146
79	148
79	149
79	152
79	154
79	156
79	159
79	162
79	164
79	166
79	169
79	172
79	174
79	176
79	179
79	180
79	182
79	184
79	188
79	189
79	190
79	192
79	194
79	198
79	199
79	200
79	202
79	204
79	208
79	209
79	210
79	212
79	214
79	218
79	220
79	222
79	224
79	230
79	232
79	234
80	80
80	120
80	168
80	178
80	182
80	188
80	192
80	198
80	202
80	208
80	212
80	218
80	222
80	228
80	238
81	81
81	121
81	169
81	179
81	183
81	189
81	193
81	199
81	203
81	209
81	213
81	219
81	223
81	229
81	239
82	82
82	122
82	160
82	170
82	180
82	184
82	190
82	194
82	200
82	204
82	210
82	214
82	220
82	224
82	230
83	83
83	123
83	161
83	171
83	181
83	185
83	191
83	195
83	201
83	205
83	211
83	215
83	221
83	225
83	231
84	84
84	124
84	162
84	172
84	182
84	186
84	192
84	196
84	202
84	206
84	212
84	216
84	222
84	226
84	232
85	85
85	125
85	163
85	173
85	183
85	187
85	193
85	197
85	203
85	207
85	213
85	217
85	223
85	227
85	233
86	86
86	126
86	164
86	174
86	184
86	188
86	194
86	198
86	204
86	208
86	214
86	218
86	224
86	228
86	234
87	87
87	127
87	165
87	175
87	185
87	189
87	195
87	199
87	205
87	209
87	215
87	219
87	225
87	229
87	235
88	88
88	128
88	166
88	176
88	180
88	186
88	190
88	196
88	200
88	206
88	210
88	216
88	220
88	226
88	236
89	89
89	129
89	167
89	177
89	181
89	187
89	191
89	197
89	201
89	207
89	211
89	217
89	221
89	227
89	237
90	90
90	121
90	125
90	127
90	129
90	130
90	131
90	135
90	137
90	139
90	140
90	141
90	145
90	147
90	149
90	150
90	151
90	155
90	157
90	159
90	160
90	165
90	167
90	169
90	175
90	177
90	179
90	181
90	183
90	185
90	191
90	193
90	195
90	197
90	201
90	203
90	205
90	207
90	209
90	211
90	213
90	215
90	217
90	219
90	221
90	223
90	225
90	227
90	229
90	233
90	235
90	237
90	239
91	91
91	120
91	122
91	126
91	128
91	130
91	131
91	132
91	136
91	138
91	140
91	141
91	142
91	146
91	148
91	150
91	151
91	152
91	156
91	158
91	160
91	161
91	166
91	168
91	170
91	176
91	178
91	182
91	184
91	186
91	192
91	194
91	196
91	198
91	200
91	202
91	204
91	206
91	208
91	210
91	212
91	214
91	216
91	218
91	220
91	222
91	224
91	226
91	228
91	230
91	234
91	236
91	238
92	92
92	121
92	123
92	127
92	129
92	131
92	132
92	133
92	137
92	139
92	141
92	142
92	143
92	147
92	149
92	151
92	152
92	153
92	157
92	159
92	161
92	162
92	167
92	169
92	171
92	177
92	179
92	183
92	185
92	187
92	193
92	195
92	197
92	199
92	201
92	203
92	205
92	207
92	209
92	211
92	213
92	215
92	217
92	219
92	221
92	223
92	225
92	227
92	229
92	231
92	235
92	237
92	239
93	93
93	120
93	122
93	124
93	128
93	130
93	132
93	133
93	134
93	138
93	140
93	142
93	143
93	144
93	148
93	150
93	152
93	153
93	154
93	158
93	160
93	162
93	163
93	168
93	170
93	172
93	178
93	184
93	186
93	188
93	190
93	194
93	196
93	198
93	200
93	202
93	204
93	206
93	208
93	210
93	212
93	214
93	216
93	218
93	220
93	222
93	224
93	226
93	228
93	230
93	232
93	236
93	238
94	94
94	121
94	123
94	125
94	129
94	131
94	133
94	134
94	135
94	139
94	141
94	143
94	144
94	145
94	149
94	151
94	153
94	154
94	155
94	159
94	161
94	163
94	164
94	169
94	171
94	173
94	179
94	185
94	187
94	189
94	191
94	195
94	197
94	199
94	201
94	203
94	205
94	207
94	209
94	211
94	213
94	215
94	217
94	219
94	221
94	223
94	225
94	227
94	229
94	231
94	233
94	237
94	239
95	95
95	120
95	122
95	124
95	126
95	130
95	132
95	134
95	135
95	136
95	140
95	142
95	144
95	145
95	146
95	150
95	152
95	154
95	155
95	156
95	160
95	162
95	164
95	165
95	170
95	172
95	174
95	180
95	186
95	188
95	190
95	192
95	196
95	198
95	200
95	202
95	204
95	206
95	208
95	210
95	212
95	214
95	216
95	218
95	220
95	222
95	224
95	226
95	228
95	230
95	232
95	234
95	238
96	96
96	121
96	123
96	125
96	127
96	131
96	133
96	135
96	136
96	137
96	141
96	143
96	145
96	146
96	147
96	151
96	153
96	155
96	156
96	157
96	161
96	163
96	165
96	166
96	171
96	173
96	175
96	181
96	187
96	189
96	191
96	193
96	197
96	199
96	201
96	203
96	205
96	207
96	209
96	211
96	213
96	215
96	217
96	219
96	221
96	223
96	225
96	227
96	229
96	231
96	233
96	235
96	239
97	97
97	122
97	124
97	126
97	128
97	132
97	134
97	136
97	137
97	138
97	142
97	144
97	146
97	147
97	148
97	152
97	154
97	156
97	157
97	158
97	162
97	164
97	166
97	167
97	172
97	174
97	176
97	180
97	182
97	188
97	190
97	192
97	194
97	198
97	200
97	202
97	204
97	206
97	208
97	210
97	212
97	214
97	216
97	218
97	220
97	222
97	224
97	226
97	228
97	230
97	232
97	234
97	236
98	98
98	123
98	125
98	127
98	129
98	133
98	135
98	137
98	138
98	139
98	143
98	145
98	147
98	148
98	149
98	153
98	155
98	157
98	158
98	159
98	163
98	165
98	167
98	168
98	173
98	175
98	177
98	181
98	183
98	189
98	191
98	193
98	195
98	199
98	201
98	203
98	205
98	207
98	209
98	211
98	213
98	215
98	217
98	219
98	221
98	223
98	225
98	227
98	229
98	231
98	233
98	235
98	237
99	99
99	120
99	124
99	126
99	128
99	130
99	134
99	136
99	138
99	139
99	140
99	144
99	146
99	148
99	149
99	150
99	154
99	156
99	158
99	159
99	164
99	166
99	168
99	169
99	174
99	176
99	178
99	180
99	182
99	184
99	190
99	192
99	194
99	196
99	200
99	202
99	204
99	206
99	208
99	210
99	212
99	214
99	216
99	218
99	220
99	222
99	224
99	226
99	228
99	232
99	234
99	236
99	238
100	100
100	120
100	121
100	122
100	125
100	126
100	127
100	128
100	130
100	131
100	132
100	135
100	136
100	137
100	138
100	140
100	141
100	142
100	145
100	146
100	147
100	148
100	150
100	151
100	152
100	155
100	156
100	157
100	158
100	160
100	161
100	162
100	165
100	166
100	167
100	168
100	171
100	172
100	175
100	176
100	177
100	178
100	180
100	181
100	183
100	184
100	185
100	186
100	189
100	190
100	193
100	194
100	195
100	196
100	199
100	200
100	203
100	204
100	205
100	206
100	209
100	210
100	213
100	214
100	215
100	216
100	219
100	220
100	223
100	224
100	225
100	226
100	228
100	229
100	230
100	233
100	234
100	235
100	236
100	238
100	239
101	101
101	121
101	122
101	123
101	126
101	127
101	128
101	129
101	131
101	132
101	133
101	136
101	137
101	138
101	139
101	141
101	142
101	143
101	146
101	147
101	148
101	149
101	151
101	152
101	153
101	156
101	157
101	158
101	159
101	161
101	162
101	163
101	166
101	167
101	168
101	169
101	172
101	173
101	176
101	177
101	178
101	179
101	180
101	181
101	182
101	184
101	185
101	186
101	187
101	190
101	191
101	194
101	195
101	196
101	197
101	200
101	201
101	204
101	205
101	206
101	207
101	210
101	211
101	214
101	215
101	216
101	217
101	220
101	221
101	224
101	225
101	226
101	227
101	229
101	230
101	231
101	234
101	235
101	236
101	237
101	239
102	102
102	120
102	122
102	123
102	124
102	127
102	128
102	129
102	130
102	132
102	133
102	134
102	137
102	138
102	139
102	140
102	142
102	143
102	144
102	147
102	148
102	149
102	150
102	152
102	153
102	154
102	157
102	158
102	159
102	160
102	162
102	163
102	164
102	167
102	168
102	169
102	170
102	173
102	174
102	177
102	178
102	179
102	181
102	182
102	183
102	185
102	186
102	187
102	188
102	191
102	192
102	195
102	196
102	197
102	198
102	201
102	202
102	205
102	206
102	207
102	208
102	211
102	212
102	215
102	216
102	217
102	218
102	220
102	221
102	222
102	225
102	226
102	227
102	228
102	230
102	231
102	232
102	235
102	236
102	237
102	238
103	103
103	120
103	121
103	123
103	124
103	125
103	128
103	129
103	130
103	131
103	133
103	134
103	135
103	138
103	139
103	140
103	141
103	143
103	144
103	145
103	148
103	149
103	150
103	151
103	153
103	154
103	155
103	158
103	159
103	160
103	161
103	163
103	164
103	165
103	168
103	169
103	170
103	171
103	174
103	175
103	178
103	179
103	182
103	183
103	184
103	186
103	187
103	188
103	189
103	192
103	193
103	196
103	197
103	198
103	199
103	202
103	203
103	206
103	207
103	208
103	209
103	212
103	213
103	216
103	217
103	218
103	219
103	221
103	222
103	223
103	226
103	227
103	228
103	229
103	231
103	232
103	233
103	236
103	237
103	238
103	239
104	104
104	120
104	121
104	122
104	124
104	125
104	126
104	129
104	130
104	131
104	132
104	134
104	135
104	136
104	139
104	140
104	141
104	142
104	144
104	145
104	146
104	149
104	150
104	151
104	152
104	154
104	155
104	156
104	159
104	160
104	161
104	162
104	164
104	165
104	166
104	169
104	170
104	171
104	172
104	175
104	176
104	179
104	180
104	183
104	184
104	185
104	187
104	188
104	189
104	190
104	193
104	194
104	197
104	198
104	199
104	200
104	203
104	204
104	207
104	208
104	209
104	210
104	213
104	214
104	217
104	218
104	219
104	220
104	222
104	223
104	224
104	227
104	228
104	229
104	230
104	232
104	233
104	234
104	237
104	238
104	239
105	105
105	120
105	121
105	122
105	123
105	125
105	126
105	127
105	130
105	131
105	132
105	133
105	135
105	136
105	137
105	140
105	141
105	142
105	143
105	145
105	146
105	147
105	150
105	151
105	152
105	153
105	155
105	156
105	157
105	160
105	161
105	162
105	163
105	165
105	166
105	167
105	170
105	171
105	172
105	173
105	176
105	177
105	180
105	181
105	184
105	185
105	186
105	188
105	189
105	190
105	191
105	194
105	195
105	198
105	199
105	200
105	201
105	204
105	205
105	208
105	209
105	210
105	211
105	214
105	215
105	218
105	219
105	220
105	221
105	223
105	224
105	225
105	228
105	229
105	230
105	231
105	233
105	234
105	235
105	238
105	239
106	106
106	121
106	122
106	123
106	124
106	126
106	127
106	128
106	131
106	132
106	133
106	134
106	136
106	137
106	138
106	141
106	142
106	143
106	144
106	146
106	147
106	148
106	151
106	152
106	153
106	154
106	156
106	157
106	158
106	161
106	162
106	163
106	164
106	166
106	167
106	168
106	171
106	172
106	173
106	174
106	177
106	178
106	180
106	181
106	182
106	185
106	186
106	187
106	189
106	190
106	191
106	192
106	195
106	196
106	199
106	200
106	201
106	202
106	205
106	206
106	209
106	210
106	211
106	212
106	215
106	216
106	219
106	220
106	221
106	222
106	224
106	225
106	226
106	229
106	230
106	231
106	232
106	234
106	235
106	236
106	239
107	107
107	122
107	123
107	124
107	125
107	127
107	128
107	129
107	132
107	133
107	134
107	135
107	137
107	138
107	139
107	142
107	143
107	144
107	145
107	147
107	148
107	149
107	152
107	153
107	154
107	155
107	157
107	158
107	159
107	162
107	163
107	164
107	165
107	167
107	168
107	169
107	172
107	173
107	174
107	175
107	178
107	179
107	180
107	181
107	182
107	183
107	186
107	187
107	188
107	190
107	191
107	192
107	193
107	196
107	197
107	200
107	201
107	202
107	203
107	206
107	207
107	210
107	211
107	212
107	213
107	216
107	217
107	220
107	221
107	222
107	223
107	225
107	226
107	227
107	230
107	231
107	232
107	233
107	235
107	236
107	237
108	108
108	120
108	123
108	124
108	125
108	126
108	128
108	129
108	130
108	133
108	134
108	135
108	136
108	138
108	139
108	140
108	143
108	144
108	145
108	146
108	148
108	149
108	150
108	153
108	154
108	155
108	156
108	158
108	159
108	160
108	163
108	164
108	165
108	166
108	168
108	169
108	170
108	173
108	174
108	175
108	176
108	179
108	181
108	182
108	183
108	184
108	187
108	188
108	189
108	191
108	192
108	193
108	194
108	197
108	198
108	201
108	202
108	203
108	204
108	207
108	208
108	211
108	212
108	213
108	214
108	217
108	218
108	221
108	222
108	223
108	224
108	226
108	227
108	228
108	231
108	232
108	233
108	234
108	236
108	237
108	238
109	109
109	120
109	121
109	124
109	125
109	126
109	127
109	129
109	130
109	131
109	134
109	135
109	136
109	137
109	139
109	140
109	141
109	144
109	145
109	146
109	147
109	149
109	150
109	151
109	154
109	155
109	156
109	157
109	159
109	160
109	161
109	164
109	165
109	166
109	167
109	169
109	170
109	171
109	174
109	175
109	176
109	177
109	180
109	182
109	183
109	184
109	185
109	188
109	189
109	192
109	193
109	194
109	195
109	198
109	199
109	202
109	203
109	204
109	205
109	208
109	209
109	212
109	213
109	214
109	215
109	218
109	219
109	222
109	223
109	224
109	225
109	227
109	228
109	229
109	232
109	233
109	234
109	235
109	237
109	238
109	239
110	110
110	123
110	127
110	128
110	129
110	133
110	137
110	138
110	139
110	140
110	143
110	147
110	148
110	149
110	150
110	153
110	155
110	157
110	158
110	159
110	160
110	163
110	165
110	167
110	168
110	169
110	170
110	173
110	175
110	177
110	178
110	179
110	181
110	183
110	186
110	187
110	188
110	191
110	193
110	196
110	197
110	198
110	201
110	203
110	206
110	207
110	208
110	211
110	216
110	217
110	218
110	221
110	226
110	227
110	231
110	236
110	237
111	111
111	120
111	124
111	128
111	129
111	130
111	134
111	138
111	139
111	140
111	141
111	144
111	148
111	149
111	150
111	151
111	154
111	156
111	158
111	159
111	160
111	161
111	164
111	166
111	168
111	169
111	170
111	171
111	174
111	176
111	178
111	179
111	182
111	184
111	187
111	188
111	189
111	192
111	194
111	197
111	198
111	199
111	202
111	204
111	207
111	208
111	209
111	212
111	217
111	218
111	219
111	222
111	227
111	228
111	232
111	237
111	238
112	112
112	120
112	121
112	125
112	129
112	130
112	131
112	135
112	139
112	140
112	141
112	142
112	145
112	149
112	150
112	151
112	152
112	155
112	157
112	159
112	160
112	161
112	162
112	165
112	167
112	169
112	170
112	171
112	172
112	175
112	177
112	179
112	180
112	183
112	185
112	188
112	189
112	190
112	193
112	195
112	198
112	199
112	200
112	203
112	205
112	208
112	209
112	210
112	213
112	218
112	219
112	223
112	228
112	229
112	233
112	238
112	239
113	113
113	120
113	121
113	122
113	126
113	130
113	131
113	132
113	136
113	140
113	141
113	142
113	143
113	146
113	150
113	151
113	152
113	153
113	156
113	158
113	160
113	161
113	162
113	163
113	166
113	168
113	170
113	171
113	172
113	173
113	176
113	178
113	180
113	181
113	184
113	186
113	189
113	190
113	191
113	194
113	196
113	199
113	200
113	201
113	204
113	206
113	209
113	210
113	211
113	214
113	219
113	220
113	224
113	229
113	230
113	234
113	239
114	114
114	121
114	122
114	123
114	127
114	131
114	132
114	133
114	137
114	141
114	142
114	143
114	144
114	147
114	151
114	152
114	153
114	154
114	157
114	159
114	161
114	162
114	163
114	164
114	167
114	169
114	171
114	172
114	173
114	174
114	177
114	179
114	180
114	181
114	182
114	185
114	187
114	190
114	191
114	192
114	195
114	197
114	200
114	201
114	202
114	205
114	207
114	210
114	211
114	212
114	215
114	220
114	221
114	225
114	230
114	231
114	235
115	115
115	122
115	123
115	124
115	128
115	132
115	133
115	134
115	138
115	142
115	143
115	144
115	145
115	148
115	150
115	152
115	153
115	154
115	155
115	158
115	160
115	162
115	163
115	164
115	165
115	168
115	170
115	172
115	173
115	174
115	175
115	178
115	181
115	182
115	183
115	186
115	188
115	191
115	192
115	193
115	196
115	198
115	201
115	202
115	203
115	206
115	208
115	211
115	212
115	213
115	216
115	221
115	222
115	226
115	231
115	232
115	236
116	116
116	123
116	124
116	125
116	129
116	133
116	134
116	135
116	139
116	143
116	144
116	145
116	146
116	149
116	151
116	153
116	154
116	155
116	156
116	159
116	161
116	163
116	164
116	165
116	166
116	169
116	171
116	173
116	174
116	175
116	176
116	179
116	182
116	183
116	184
116	187
116	189
116	192
116	193
116	194
116	197
116	199
116	202
116	203
116	204
116	207
116	209
116	212
116	213
116	214
116	217
116	222
116	223
116	227
116	232
116	233
116	237
117	117
117	120
117	124
117	125
117	126
117	130
117	134
117	135
117	136
117	140
117	144
117	145
117	146
117	147
117	150
117	152
117	154
117	155
117	156
117	157
117	160
117	162
117	164
117	165
117	166
117	167
117	170
117	172
117	174
117	175
117	176
117	177
117	180
117	183
117	184
117	185
117	188
117	190
117	193
117	194
117	195
117	198
117	200
117	203
117	204
117	205
117	208
117	213
117	214
117	215
117	218
117	223
117	224
117	228
117	233
117	234
117	238
118	118
118	121
118	125
118	126
118	127
118	131
118	135
118	136
118	137
118	141
118	145
118	146
118	147
118	148
118	151
118	153
118	155
118	156
118	157
118	158
118	161
118	163
118	165
118	166
118	167
118	168
118	171
118	173
118	175
118	176
118	177
118	178
118	181
118	184
118	185
118	186
118	189
118	191
118	194
118	195
118	196
118	199
118	201
118	204
118	205
118	206
118	209
118	214
118	215
118	216
118	219
118	224
118	225
118	229
118	234
118	235
118	239
119	119
119	122
119	126
119	127
119	128
119	132
119	136
119	137
119	138
119	142
119	146
119	147
119	148
119	149
119	152
119	154
119	156
119	157
119	158
119	159
119	162
119	164
119	166
119	167
119	168
119	169
119	172
119	174
119	176
119	177
119	178
119	179
119	180
119	182
119	185
119	186
119	187
119	190
119	192
119	195
119	196
119	197
119	200
119	202
119	205
119	206
119	207
119	210
119	215
119	216
119	217
119	220
119	225
119	226
119	230
119	235
119	236