 0    18
 0    19
 0    20
 0    21
 0    24
 0    25
 0    27
 0    33
 0    34
 0    35
 0    36
 1    18
 1    22
 1    24
 1    26
 1    27
 1    28
 1    33
 1    37
 2    19
 2    23
 2    25
 2    27
 2    28
 2    29
 2    34
 2    38
 3    20
 3    24
 3    26
 3    28
 3    29
 3    30
 3    35
 3    39
 4    18
 4    19
 4    20
 4    24
 4    29
 4    30
 4    31
 4    33
 4    34
 4    35
 4    40
 5    18
 5    24
 5    27
 5    30
 5    31
 5    32
 5    33
 5    41
 6    19
 6    25
 6    28
 6    31
 6    32
 6    33
 6    34
 6    42
 7    20
 7    26
 7    29
 7    32
 7    33
 7    34
 7    35
 7    43
 8    18
 8    19
 8    20
 8    24
 8    25
 8    30
 8    44
 9    19
 9    20
 9    21
 9    25
 9    26
 9    31
 9    45
10    20
10    21
10    22
10    26
10    27
10    32
10    46
11    21
11    22
11    23
11    27
11    28
11    33
11    47
12    22
12    23
12    24
12    28
12    29
12    34
12    48
13    23
13    24
13    25
13    29
13    30
13    35
13    49
14    18
14    19
14    20
14    21
14    26
14    27
14    30
14    31
14    33
14    34
14    35
14    50
15    18
15    22
15    24
15    25
15    28
15    31
15    32
15    33
15    51
16    19
16    23
16    25
16    26
16    29
16    32
16    33
16    34
16    52
17    20
17    24
17    26
17    27
17    30
17    33
17    34
17    35
17    53
18    18
18    19
18    20
18    24
18    28
18    31
18    33
18    54
19    19
19    20
19    21
19    25
19    29
19    32
19    34
19    55
20    20
20    21
20    22
20    26
20    30
20    33
20    35
20    56
21    18
21    19
21    20
21    22
21    23
21    24
21    25
21    31
21    33
21    35
21    57
22    18
22    23
22    26
22    27
22    32
22    33
22    35
22    58
23    18
23    20
23    21
23    25
23    28
23    35
23    59
24    18
24    20
24    22
24    24
24    25
24    26
24    27
24    29
24    33
24    34
24    35
24    60
25    18
25    20
25    23
25    24
25    26
25    28
25    30
25    33
25    61
26    19
26    21
26    24
26    25
26    27
26    29
26    31
26    34
26    62
27     0
27    20
27    22
27    25
27    26
27    28
27    30
27    32
27    35
28     1
28    18
28    19
28    20
28    23
28    24
28    25
28    26
28    29
28    31
28    34
28    35
29     2
29    18
29    26
29    30
29    32
29    33
29    34
30     3
30    19
30    27
30    31
30    33
30    34
30    35
31     4
31    18
31    19
31    21
31    24
31    25
31    27
31    28
31    32
31    33
32     5
32    19
32    20
32    22
32    25
32    26
32    28
32    29
32    33
32    34
33     6
33    20
33    21
33    23
33    26
33    27
33    29
33    30
33    34
33    35
34     7
34    18
34    19
34    20
34    22
34    25
34    28
34    30
34    31
34    33
34    34
35     8
35    19
35    20
35    21
35    23
35    26
35    29
35    31
35    32
35    34
35    35
36     9
36    18
36    19
36    22
36    25
36    30
36    32
36    34
37    10
37    19
37    20
37    23
37    26
37    31
37    33
37    35
38    11
38    18
38    19
38    25
38    32
38    33
38    35
39    12
39    18
39    21
39    24
39    25
39    26
39    27
39    35
40    13
40    18
40    20
40    21
40    22
40    24
40    26
40    28
40    33
40    34
40    35
41    14
41    18
41    20
41    22
41    23
41    24
41    29
41    33
42    15
42    19
42    21
42    23
42    24
42    25
42    30
42    34
43    16
43    20
43    22
43    24
43    25
43    26
43    31
43    35
44    17
44    18
44    19
44    20
44    23
44    24
44    26
44    32
44    33
44    34
44    35