11     0
31     0
36     0
10     1
14     1
46     1
29     2
32     2
35     2
 6     3
10     3
19     3
 0     4
35     4
47     4
16     5
25     5
45     5
 2     6
12     6
22     6
17     7
37     7
45     7
 3     8
36     8
37     8
21     9
38     9
42     9
18    10
21    10
26    10
 8    11
11    11
15    11
 2    12
14    12
19    12
 0    13
16    13
41    13
28    14
32    14
46    14
 0    15
11    15
28    15
 0    16
29    16
39    16
16    17
24    17
33    17
 2    18
 3    18
43    18
 9    19
17    19
42    19
23    20
35    20
43    20
 4    21
 6    21
18    21
 1    22
20    22
34    22
 7    23
26    23
29    23
19    24
25    24
47    24
10    25
12    25
15    25
10    26
20    26
43    26
23    27
28    27
33    27
11    28
13    28
25    28
 5    29
16    29
17    29
 1    30
 3    30
42    30
 8    31
41    31
42    31
 1    32
15    32
31    32
 7    33
17    33
34    33
 4    34
26    34
32    34
23    35
27    35
46    35
15    36
35    36
44    36
21    37
28    37
39    37
 3    38
 5    38
47    38
 8    39
27    39
44    39
 0    40
 3    40
20    40
13    41
33    41
46    41
 9    42
41    42
45    42
 9    43
31    43
44    43
 8    44
23    44
47    44
15    45
18    45
28    45
 8    46
29    46
38    46
 5    47
22    47
36    47
 0    48
 4    48
45    48
 1    49
 2    49
44    49
11    50
16    50
21    50
18    51
20    51
37    51
15    52
24    52
46    52
 8    53
18    53
35    53
12    54
26    54
46    54
 3    55
23    55
38    55
 1    56
23    56
39    56
 6    57
42    57
45    57
24    58
37    58
39    58
41    59
43    59
46    59
 9    60
14    60
28    60
 4    61
 8    61
13    61
 5    62
18    62
30    62
 2    63
29    63
37    63
 2    64
17    64
36    64
 9    65
19    65
23    65
 2    66
 9    66
34    66
 7    67
30    67
44    67
30    68
32    68
41    68
30    69
34    69
38    69
24    70
36    70
41    70
 3    71
 9    71
22    71
 6    72
13    72
43    72
22    73
40    73
46    73
 1    74
40    74
47    74
14    75
27    75
32    75
 9    76
13    76
21    76
 2    77
 8    77
30    77
 7    78
18    78
31    78
13    79
24    79
40    79
18    80
25    80
33    80
 6    81
26    81
33    81
 2    82
13    82
18    82
15    83
27    83
36    83
16    84
39    84
40    84
10    85
28    85
30    85
14    86
17    86
23    86
 4    87
10    87
34    87
 4    88
27    88
38    88
 2    89
38    89
40    89
19    90
36    90
43    90
 5    91
 7    91
10    91
 0    92
12    92
43    92
18    93
40    93
41    93
21    94
44    94
45    94
 6    95
12    95
34    95
37    95