0     0
0    20
0    22
0    25
0    26
0    27
0    30
0    31
1     1
1    16
1    17
1    18
1    24
1    28
1    29
1    31
2     2
2    17
2    18
2    19
2    20
2    24
2    30
2    31
3     3
3    16
3    21
3    28
3    29
3    30
4     4
4    17
4    19
4    20
4    23
4    24
4    27
4    29
4    30
4    31
5     5
5    17
5    19
5    20
5    23
5    24
5    25
5    28
5    30
5    31
6     6
6    16
6    20
6    21
6    24
6    25
6    26
6    28
7     7
7    17
7    18
7    19
7    20
7    22
7    24
7    25
7    30
7    31
8     8
8    18
8    22
8    23
8    29
8    31
9     9
9    16
9    20
9    21
9    22
9    28
9    29
9    30
10    10
10    17
10    19
10    20
10    22
10    23
10    24
10    26
10    28
10    29
11    11
11    16
11    17
11    18
11    20
11    21
11    22
11    24
11    28
11    29
11    30
11    31
12    12
12    16
12    17
12    19
12    20
12    23
12    24
12    25
12    26
12    28
12    30
12    31
13    13
13    16
13    18
13    19
13    20
13    21
13    23
13    24
13    27
13    28
13    29
13    30
14    14
14    17
14    25
14    28
14    29
14    31
15    15
15    17
15    22
15    23
15    25
15    27
15    30
15    31